-9.774032872207549794e-01 -7.105826391250242846e-01 -3.070602986727238193e+00 -7.903259301965437356e-01
-9.270737821698924463e-01 -6.762746896925304618e-01 -2.912488183400638420e+00 -7.426937190525672028e-01
-9.977323554942798545e-01 -4.809844558922033997e-01 -3.134468638269669594e+00 -5.017772404893297011e-01
-9.298853775090645257e-01 -5.315601799363673940e-01 -2.921321070663048580e+00 -5.604414653681676350e-01
-9.661792910586164407e-01 -6.154376593574537591e-01 -3.035341762840344071e+00 -6.629411207201375555e-01
-9.768238289241386596e-01 -3.609709798169591366e-01 -3.068782564799526824e+00 -3.693088630984800447e-01
-9.850034214194596238e-01 -2.423590107320865439e-01 -3.094479512492185336e+00 -2.447966174105882242e-01
-9.948405596695928388e-01 -7.167411017027869313e-02 -3.125383793751151273e+00 -7.173561958094296087e-02
-9.545285966336487515e-01 -8.978273929994529112e-02 -2.998740026825645888e+00 -8.990380117533677828e-02
-9.391721428496595525e-01 -2.409807608181249172e-01 -2.950496304432674410e+00 -2.433762660493140051e-01
-9.495056342765459956e-01 1.380525218291666079e-01 -2.982959925185313832e+00 1.384948381815084284e-01
-9.849800966894470822e-01 3.732640926588990382e-01 -3.094406235691731233e+00 3.825249245003117249e-01
-9.622789130783944156e-01 2.589246975100363279e-01 -3.023088364031455200e+00 2.619087688231713784e-01
-9.289819818980094013e-01 4.887641173293728603e-01 -2.918482969648072523e+00 5.106725690036807430e-01
-9.873835700184188102e-01 5.656218934712340385e-01 -3.101956969845127698e+00 6.011871754812231350e-01
-9.663980695914995422e-01 6.641809487317145155e-01 -3.036029075872012761e+00 7.263976685729176541e-01
-9.993061202598851889e-01 7.478343107224845188e-01 -3.139412766095773577e+00 8.447939142339317975e-01
-9.257222837895917600e-01 7.349102579097006593e-01 -2.908242326017747015e+00 8.255343406121270489e-01
-9.501768546781732550e-01 8.204448461073288179e-01 -2.985068626268005509e+00 9.621886610740374435e-01
-9.072352662687186431e-01 -9.556770276629613647e-01 -2.850163647587386162e+00 -1.271950817299108083e+00
-9.001838726762994014e-01 -8.634823672276299433e-01 -2.828011041279872018e+00 -1.042133663843942459e+00
-9.170984843712381984e-01 -7.970242069282222896e-01 -2.881149861119015831e+00 -9.223518340782912439e-01
-8.680172285822231881e-01 -7.253130024012863775e-01 -2.726956548503284505e+00 -8.114889537489021754e-01
-8.490994438568846281e-01 -8.066886827720765041e-01 -2.667524574987967689e+00 -9.385273653352191880e-01
-8.830389029586649396e-01 -5.801330693927619908e-01 -2.774148530368932164e+00 -6.188920523728986822e-01
-9.169461634133426742e-01 -3.516450074972023998e-01 -2.880671330716703338e+00 -3.593277611248410497e-01
-8.606253644224282073e-01 -3.227375967533403500e-01 -2.703734322362538744e+00 -3.286204383908135629e-01
-8.730251716631944880e-01 -4.655759106424910421e-01 -2.742689465696059870e+00 -4.842852405596484999e-01
-8.752816143802366611e-01 -1.831093189368149243e-01 -2.749778289559165589e+00 -1.841483191527975571e-01
-9.092264385637860435e-01 -8.728257957043128457e-02 -2.856419099841601472e+00 -8.739378462802603609e-02
-8.858161216907463054e-01 1.191664339155127372e-01 -2.782873420335050696e+00 1.194502915326252496e-01
-8.997643120568361574e-01 3.912103085529405888e-01 -2.826692952720030405e+00 4.019463477429029985e-01
-9.203500349490107979e-01 2.547274214260328851e-01 -2.891364908526921518e+00 2.575658158619120175e-01
-8.567627139320035390e-01 3.431938217748840003e-01 -2.691599447958435753e+00 3.503151372688723120e-01
-8.926993577518893552e-01 5.930756413820263973e-01 -2.804497744177662177e+00 6.348734668900517519e-01
-8.508347540910092821e-01 5.282925006731535866e-01 -2.672976212871192914e+00 5.565882632855121415e-01
-8.742866182879447390e-01 6.866386154153620858e-01 -2.746652417145270864e+00 7.568552515374283862e-01
-8.960695740824022870e-01 9.192166157851082708e-01 -2.815085591042609803e+00 1.166086306042462661e+00
-8.224171117759129235e-01 -8.914212248397561655e-01 -2.583699556541743991e+00 -1.100471705832158253e+00
-8.005749853023149676e-01 -7.518115320124938439e-01 -2.515080492473509288e+00 -8.508051272735226433e-01
-8.181954459821068060e-01 -6.024552909624707464e-01 -2.570436802298011081e+00 -6.465737677910270431e-01
-8.286480256881822992e-01 -4.842078229752333485e-01 -2.603274549913679792e+00 -5.054575468312570985e-01
-7.751694825206605355e-01 -5.045553127012905037e-01 -2.435266751573908817e+00 -5.288668334126774839e-01
-8.197988353792493577e-01 -2.881838068545992115e-01 -2.575473998648917906e+00 -2.923296363132890652e-01
-8.437772135603216483e-01 -6.643164023616909830e-02 -2.650804295387572562e+00 -6.648059980274508007e-02
-7.887161979069903239e-01 -1.966758595336437487e-01 -2.477825013111873975e+00 -1.979664015898481289e-01
-8.109691168994570543e-01 4.379701839648597606e-02 -2.547734619939536316e+00 4.381103224852350708e-02
-7.666972578215296430e-01 5.332656834157889492e-02 -2.408650472699557010e+00 5.335187506988424422e-02
-8.222544853268038967e-01 2.517701568230188425e-01 -2.583188650483943416e+00 2.545088979667271545e-01
-7.730810360546875870e-01 3.667178440162723874e-01 -2.428705703498992285e+00 3.754786171424757679e-01
-8.015680308244266250e-01 5.048605431482584560e-01 -2.518200236990455476e+00 5.292203998760396377e-01
-8.184934663243739195e-01 6.019503697420269805e-01 -2.571373060815898004e+00 6.459413063529770849e-01
-8.097743650966184870e-01 7.105484091034699468e-01 -2.543981196452875793e+00 7.902772825107851062e-01
-8.425305611065165845e-01 8.321100353420198825e-01 -2.646887821197118740e+00 9.829014315752527819e-01
-7.754094994098583715e-01 9.074974944159432955e-01 -2.436020786869749877e+00 1.137287654044185636e+00
-7.627276268549958438e-01 -8.460270340687601198e-01 -2.396179509217632120e+00 -1.008488619995644653e+00
-6.943047537932194313e-01 -9.011025742147218409e-01 -2.181222713869248153e+00 -1.122305636558669439e+00
-6.956964421390712250e-01 -6.854600054472912429e-01 -2.185594831752662781e+00 -7.552352910290837107e-01
-7.379042494845591271e-01 -7.782292168950242228e-01 -2.318194569233380964e+00 -8.918410626432253796e-01
-7.611810617434577875e-01 -6.881301991135071461e-01 -2.391320831624925702e+00 -7.589089447879030503e-01
-7.390984706712300234e-01 -5.777047770210992361e-01 -2.321946325740187334e+00 -6.159139570026329613e-01
-7.252555799810433967e-01 -4.357294652712258021e-01 -2.278457602043450603e+00 -4.508485649527536610e-01
-7.613182149121275888e-01 -3.525525737116332881e-01 -2.391751711012035209e+00 -3.602974216971734922e-01
-7.219022494554010461e-01 -2.653488831707417894e-01 -2.267922803499033968e+00 -2.685657590847579379e-01
-7.567642907171145961e-01 -1.012830463385063773e-01 -2.377445136215977861e+00 -1.014570151794649405e-01
-7.459310020553271414e-01 1.873890476251980353e-01 -2.343411356141888557e+00 1.885034317040861218e-01
-6.961214684568999278e-01 9.635492372709331121e-03 -2.186930091310335555e+00 9.635641476481441453e-03
-6.992754812973034362e-01 3.835042761483289375e-01 -2.196838714879075116e+00 3.935877202720816648e-01
-6.963999623727952226e-01 2.516847693840424949e-01 -2.187805005750581788e+00 2.544206694059863438e-01
-7.543835859147243195e-01 5.004190025201140646e-01 -2.369965931498422496e+00 5.240826656459003363e-01
-7.459015190716420385e-01 6.167965377097797131e-01 -2.343318732616937794e+00 6.646663425150257654e-01
-7.297303463101776355e-01 7.524086201914703675e-01 -2.292515495069589626e+00 8.517111277277650272e-01
-7.561858974982449411e-01 8.271831223709120717e-01 -2.375628060328690783e+00 9.740761899646723787e-01
-6.849336789241478041e-01 -9.559010693729130814e-01 -2.151782613904333008e+00 -1.272712726619535495e+00
-6.500351007889491051e-01 -8.490733358234077155e-01 -2.042145497214063354e+00 -1.014228680970785446e+00
-6.281530908056665030e-01 -7.208953233905561753e-01 -1.973401135404803997e+00 -8.050933234482953171e-01
-6.457213454259653762e-01 -5.816826627572500019e-01 -2.028593435056329941e+00 -6.207958022086907945e-01
-6.647068638775379679e-01 -4.143711111094108279e-01 -2.088238200348383700e+00 -4.272516895053404262e-01
-6.194367468805443977e-01 -4.539562103199181742e-01 -1.946017933363478392e+00 -4.712004145004362043e-01
-6.803392606963039047e-01 -2.731914266679835723e-01 -2.137348823352219540e+00 -2.767091064500573627e-01
-6.842615804482210518e-01 -1.319213454749497139e-01 -2.149671154269872542e+00 -1.323070167141093822e-01
-6.364990612381491442e-01 -4.400757605366556469e-02 -1.999620774802569168e+00 -4.402179311554002550e-02
-6.473097592691843261e-01 -1.872719669413598353e-01 -2.033583584317046888e+00 -1.883842409797917006e-01
-6.260301395339973318e-01 1.244530492736677374e-01 -1.966731687285799168e+00 1.247765757681707638e-01
-6.683726622931511763e-01 1.428490267435740257e-01 -2.099754645720415258e+00 1.433393686895990948e-01
-6.481652792298575605e-01 3.769054044663080472e-01 -2.036271279540497581e+00 3.864530286226897093e-01
-6.174830354275278044e-01 2.557699872005885222e-01 -1.939880167815447365e+00 2.586440993742099015e-01
-6.306610692030749643e-01 6.018620422827982708e-01 -1.981280181913464444e+00 6.458306988742009702e-01
-6.874202430803393327e-01 5.954198963200558747e-01 -2.159594385590104082e+00 6.377881871369232014e-01
-6.760933291601876061e-01 4.893648278601070434e-01 -2.124009836030711362e+00 5.113612616727923887e-01
-6.690474681635432130e-01 6.933381334457175971e-01 -2.101874610885438255e+00 7.661111480053749423e-01
-6.625141490192576477e-01 8.698232460038088920e-01 -2.081349583458193209e+00 1.054843944087186625e+00
-5.699370276029422921e-01 -9.398830183739241839e-01 -1.790509978926206669e+00 -1.222287588102487055e+00
-5.567656335283361901e-01 -8.879992316437204103e-01 -1.749130824063888090e+00 -1.092975758637001915e+00
-5.814570589823293556e-01 -7.974852719549665458e-01 -1.826701224876812857e+00 -9.231156383316583280e-01
-5.578977102378777086e-01 -6.393152842974445527e-01 -1.752687347937883722e+00 -6.936074740839565100e-01
-5.536193956409973804e-01 -5.068278223367383983e-01 -1.739246626230578574e+00 -5.315009741183618353e-01
-5.598524948008778424e-01 -2.895424315907875190e-01 -1.758828484760355693e+00 -2.937487577628356550e-01
-6.013171028921557859e-01 -3.256525248018002916e-01 -1.889093392923894443e+00 -3.317017910712800610e-01
-5.961860730940760078e-01 -6.725521263287270735e-02 -1.872973787404896617e+00 -6.730601829044841056e-02
-5.554590263929137794e-01 -3.209212509541381486e-02 -1.745025996686117020e+00 -3.209763628730168128e-02
-5.605450727775802555e-01 -1.639050097220009494e-01 -1.761004282644001995e+00 -1.646479069021475894e-01
-6.046230429184191735e-01 -2.048803105963099558e-01 -1.899479309823611795e+00 -2.063414222984256696e-01
-5.827618933286475844e-01 1.636539564601831032e-01 -1.830800482873357948e+00 1.643934172594904430e-01
-5.602071020588255124e-01 4.381418480750489675e-01 -1.759942516316833627e+00 4.535305031917171159e-01
-5.736307059539444975e-01 3.226566083807929086e-01 -1.802114011698438878e+00 3.285348724353356342e-01
-6.029700636188899399e-01 4.816906826887954463e-01 -1.894286322199674855e+00 5.025829431545252302e-01
-5.676471596682983733e-01 6.184364399436237392e-01 -1.783316146645038458e+00 6.667514613953473557e-01
-6.041644456255059747e-01 7.569040548980074945e-01 -1.898038583937239565e+00 8.585627349491145033e-01
-5.873510848850054256e-01 8.493145751861237436e-01 -1.845217853352727921e+00 1.014685503588954152e+00
-6.061767709802716730e-01 9.467378434749365024e-01 -1.904360490488403945e+00 1.242949415275269365e+00
-4.627800603956500058e-01 -9.230084227230315186e-01 -1.453866437966814917e+00 -1.175827144221740284e+00
-4.660361414040474770e-01 -7.958417178329264541e-01 -1.464095718142289559e+00 -9.203964218006128739e-01
-5.094994461257229545e-01 -6.826428979058210000e-01 -1.600639716956639758e+00 -7.513732351953961164e-01
-4.578598698094618058e-01 -6.072368547051250065e-01 -1.438409203366984412e+00 -6.525781991998552689e-01
-4.561965664983118618e-01 -5.038508668868504348e-01 -1.433183781903984100e+00 -5.280511108569864165e-01
-5.081271350857121671e-01 -5.561152547699828030e-01 -1.596328474674901798e+00 -5.897042582918151643e-01
-5.285318718798981408e-01 -4.156501907761469550e-01 -1.660431845885949720e+00 -4.286575551537489259e-01
-4.987719058329707078e-01 -3.253819568528679707e-01 -1.566938155181840875e+00 -3.314156381166303289e-01
-4.575040106687884300e-01 -2.687229496847003407e-01 -1.437291238904932156e+00 -2.720669686207844440e-01
-5.037487716991286835e-01 -1.810781587447445329e-01 -1.582573440424864586e+00 -1.820826225435509260e-01
-4.653232537990730222e-01 -4.181243740984275092e-03 -1.461856115679666557e+00 -4.181255924387595156e-03
-5.143426190317581526e-01 9.551939279336951749e-02 -1.615854993378305071e+00 9.566524485761881968e-02
-4.753638697143396374e-01 1.630377154205666645e-01 -1.493399640876585055e+00 1.637687867158300059e-01
-5.134458049849071060e-01 4.489078494830291977e-01 -1.613037568957081724e+00 4.655427415554390658e-01
-5.271343611186882772e-01 3.194004332026159076e-01 -1.656041436345220275e+00 3.250967116221966102e-01
-4.678718411945346212e-01 4.165616006114056802e-01 -1.469862739118280359e+00 4.296598576914797407e-01
-4.620900864819572629e-01 2.868630984518962812e-01 -1.451698820988389205e+00 2.909507002693221267e-01
-5.156973855403665929e-01 6.468104603594304614e-01 -1.620111117889078800e+00 7.033948053041636506e-01
-5.330124414600923011e-01 5.457819426670109664e-01 -1.674507970362985709e+00 5.773220182595821814e-01
-4.868157990785340061e-01 8.049954706864934639e-01 -1.529376938036567157e+00 9.356678338239241555e-01
-4.698088845979548900e-01 6.946821839870740423e-01 -1.475948140444149903e+00 7.679779761063932897e-01
-5.234428249449509796e-01 7.381711828405022047e-01 -1.644444133421346210e+00 8.303554111088871093e-01
-4.993007594478930944e-01 8.818951813195807787e-01 -1.568599597813305380e+00 1.079867146161847646e+00
-4.798590244936169480e-01 9.434488918085417453e-01 -1.507521586107911649e+00 1.232884208615837807e+00
-4.274456305868536976e-01 -8.654197400207934709e-01 -1.342860052860716191e+00 -1.045987491446867867e+00
-4.162949306080983014e-01 -7.444783664880398888e-01 -1.307829095725074220e+00 -8.397531985308415159e-01
-3.790906751768212679e-01 -5.806048447830789438e-01 -1.190948480179896185e+00 -6.194713773439320947e-01
-3.811579568286944664e-01 -4.762389730784750697e-01 -1.197443037030321955e+00 -4.963725142773621202e-01
-4.290236154829385473e-01 -4.164586448065537017e-01 -1.347817438617731955e+00 -4.295466113099735139e-01
-4.106079570177669780e-01 -2.580588231263196697e-01 -1.289962941272530195e+00 -2.610124309847378088e-01
-4.446588905047670348e-01 -1.100383084157310343e-01 -1.396937103763164378e+00 -1.102615923763153039e-01
-3.791584799469982503e-01 -8.082873215674446499e-02 -1.191161495147762484e+00 -8.091700476628355121e-02
-4.165076140026293672e-01 1.485503720900949176e-01 -1.308497260314873678e+00 1.491022186043416686e-01
-4.091669251700380538e-01 1.642119179588719113e-02 -1.285435806206116194e+00 1.642192989634568001e-02
-4.190142296213092976e-01 3.009252625159168915e-01 -1.316372025527891898e+00 3.056627408091198705e-01
-4.278841882666957197e-01 4.705392428652790393e-01 -1.344237822445883301e+00 4.899018023231245245e-01
-3.814385951667402797e-01 5.747842192638945580e-01 -1.198324688371442459e+00 6.123404313156528556e-01
-4.492954604076986325e-01 5.943692345011861722e-01 -1.411503317708069805e+00 6.364810745155753402e-01
-4.070217164786968933e-01 7.046202426508580974e-01 -1.278696434340981902e+00 7.818878209133998114e-01
-4.140627635345748292e-01 7.969291380280543180e-01 -1.300816536045307892e+00 9.221944378641506734e-01
-4.140530538339597388e-01 9.056818872763965356e-01 -1.300786032121187041e+00 1.132985352669937384e+00
-3.335795338238065622e-01 -9.215528317798094005e-01 -1.047971012848778694e+00 -1.172061225463022494e+00
-3.705432569510582752e-01 -8.062772159431574881e-01 -1.164095973874679668e+00 -9.378314469090563987e-01
-3.400715210410318878e-01 -7.121758971503961977e-01 -1.068366192197612641e+00 -7.925929201656269907e-01
-3.139832194671869914e-01 -6.182876219132253937e-01 -9.864073756285863803e-01 -6.665620997903938250e-01
-3.090835860172553851e-01 -2.791531436138594557e-01 -9.710147231769984399e-01 -2.829120804796986244e-01
-3.437357296098006998e-01 -4.073774464836112941e-01 -1.079877642918477321e+00 -4.195805767603617009e-01
-3.044690302283208361e-01 -4.678594896408314607e-01 -9.565176686109013726e-01 -4.868672891483483700e-01
-3.147311436722866063e-01 -1.750660515390189964e-02 -9.887570488167692906e-01 -1.750749951821768333e-02
-3.407670119955004129e-01 -1.724920143543247075e-01 -1.070551141470809098e+00 -1.733590474228377809e-01
-3.705518334831952032e-01 1.076705453738919793e-01 -1.164122917845034300e+00 1.078796746885054419e-01
-3.425363579420688254e-01 2.215776386034797873e-01 -1.076109705698207186e+00 2.234320279677676491e-01
-3.047266812465987407e-01 1.838831186076919089e-01 -9.573271031571132239e-01 1.849354845875935960e-01
-3.766387081692956773e-01 3.656888387958086017e-01 -1.183245398642209345e+00 3.743727958034047676e-01
-3.221288737969307814e-01 4.513578851391284452e-01 -1.011997703429591278e+00 4.682864620435593928e-01
-3.278550876041439466e-01 5.688973933119596538e-01 -1.029987134659216652e+00 6.051645281539292931e-01
-3.408907550776276718e-01 7.568440013518369369e-01 -1.070939891828552648e+00 8.584708482459294521e-01
-3.548830191316281191e-01 6.708696204640278715e-01 -1.114897885787689003e+00 7.353808327714796977e-01
-3.286649752393473456e-01 8.541728708167644069e-01 -1.032531471704204895e+00 1.023958089028345286e+00
-3.256920316312457153e-01 9.586198608187070924e-01 -1.023191693905456168e+00 1.282114090314259158e+00
-2.575241168186559459e-01 -7.393730717216759896e-01 -8.090358735196891971e-01 -8.321387483981578237e-01
-2.990538825440900439e-01 -8.274043633490002492e-01 -9.395054804280181804e-01 -9.744700186730821390e-01
-2.655569131432791163e-01 -6.482860176473124181e-01 -8.342716474409084260e-01 -7.053311709913484551e-01
-2.601388076680444250e-01 -3.381636431370513840e-01 -8.172501670835364829e-01 -3.449648977111270387e-01
-2.484615763432671542e-01 -4.506958294542919852e-01 -7.805650629393475759e-01 -4.675446715520274465e-01
-2.721563409750358264e-01 -2.085366960006123094e-01 -8.550043614350513188e-01 -2.100785218504692409e-01
-2.549344477386432661e-01 -6.029889899730056513e-02 -8.009001881626927055e-01 -6.033549961707533604e-02
-2.860320919334098377e-01 6.711885417638407958e-02 -8.985963187089206494e-01 6.716935102026594384e-02
-2.316901281253243017e-01 1.317687256276300900e-01 -7.278760044277967634e-01 1.321530528141034722e-01
-2.401324716802535342e-01 3.832905855288728514e-01 -7.543984089190435283e-01 3.933563490651162953e-01
-2.717082971332631658e-01 2.538267726669176660e-01 -8.535967901932521862e-01 2.566345579251667619e-01
-2.820802122735173167e-01 3.697920332376343211e-01 -8.861811226015313681e-01 3.787851774380363024e-01
-2.567414014225890551e-01 4.966236285888516733e-01 -8.065769005815538462e-01 5.197044458536688172e-01
-2.716874206357022814e-01 6.835063333338882163e-01 -8.535312047418822656e-01 7.525554591591276932e-01
-2.688415853924612797e-01 7.785654293928829794e-01 -8.445907496483894272e-01 8.923766273914313096e-01
-2.529838443778862356e-01 8.657997157709780289e-01 -7.947721869744708290e-01 1.046746351460856372e+00
-1.532073585082658340e-01 -9.186863279975463481e-01 -4.813151119654656140e-01 -1.164741661080400226e+00
-2.214561476783039051e-01 -8.834152442928564497e-01 -6.957250066384558229e-01 -1.083101194266334222e+00
-1.945926444611414396e-01 -7.402772160424904158e-01 -6.113308222817325221e-01 -8.334826035077925743e-01
-1.991547284703441001e-01 -8.205415148379153756e-01 -6.256630318901030829e-01 -9.623577639582805432e-01
-2.030051641378443072e-01 -5.755306262275821094e-01 -6.377595322962418267e-01 -6.132528616610875005e-01
-1.487859578419290507e-01 -6.026360312554914778e-01 -4.674248721135249585e-01 -6.468002354324070557e-01
-1.668080232746367297e-01 -4.505108872804726161e-01 -5.240428604794339362e-01 -4.673375054855933297e-01
-2.122531247490637707e-01 -2.945644264170563797e-01 -6.668128574131366726e-01 -2.989996900957478387e-01
-2.036801996078452248e-01 -7.929083493025745888e-02 -6.398802187697092414e-01 -7.937415493460678317e-02
-1.769496217180990261e-01 -2.299900014252052038e-01 -5.559036316450728377e-01 -2.320674088605185759e-01
-2.104945193018994409e-01 2.369616208830633841e-01 -6.612880354597622246e-01 2.392372001508668578e-01
-1.830280937253188078e-01 6.744739699574564540e-02 -5.749997146480056998e-01 6.749864003541111712e-02
-1.687368120073091671e-01 1.870454701039478973e-01 -5.301023289923244564e-01 1.881536698783053962e-01
-1.802115144668849922e-01 3.949169189864834006e-01 -5.661511699414566445e-01 4.059774177213576474e-01
-1.474965393226008725e-01 6.687258084759770682e-01 -4.633740443658009300e-01 7.324937100437881599e-01
-2.210355786439410775e-01 5.725001450637865474e-01 -6.944037500497742821e-01 6.095519326158327367e-01
-2.146399726134657904e-01 6.960263324285544950e-01 -6.743113611291785547e-01 7.698483123387203086e-01
-1.886851740344728245e-01 8.083292351825936972e-01 -5.927719565880114061e-01 9.413086506735194314e-01
-1.941500323638811754e-01 9.305243957607916006e-01 -6.099403153685897250e-01 1.195842125545916179e+00
-1.115867728155306438e-01 -9.600207296227232234e-01 -3.505601857150643097e-01 -1.287076261352040785e+00
-1.210919953751148359e-01 -8.076966646534198269e-01 -3.804217230789899706e-01 -9.402349768696679488e-01
-1.372661362859983747e-01 -7.183739494643757162e-01 -4.312342853427478251e-01 -8.014620580354091528e-01
-1.111190502904095823e-01 -4.912032337115557201e-01 -3.490907920662255082e-01 -5.134705837910562565e-01
-1.088450341922329034e-01 -3.434623619791410398e-01 -3.419467597980487272e-01 -3.506010569491901374e-01
-1.380800372187225289e-01 -2.645307895058657266e-02 -4.337912305337439101e-01 -2.645616508065749828e-02
-1.330987205533591400e-01 -1.588822743880617949e-01 -4.181419626926338728e-01 -1.595584434138134500e-01
-7.596100931343419127e-02 -1.689601313104489577e-01 -2.386385488183506987e-01 -1.697745364317734817e-01
-1.014397583985902074e-01 1.695556788578815866e-01 -3.186823997669345210e-01 1.703788024637219178e-01
-1.425632670967218463e-01 9.575980945245410325e-02 -4.478757125828208285e-01 9.590676865588756983e-02
-7.579131002366334968e-02 5.033631716546427270e-02 -2.381054227762872399e-01 5.035759800236040695e-02
-8.250514874251480002e-02 2.775766425066503729e-01 -2.591975691728176656e-01 2.812707044118192834e-01
-9.931928152633484608e-02 4.186758245587944849e-01 -3.120207252029499889e-01 4.319867041316308720e-01
-1.411189078079415626e-01 3.017962369622841923e-01 -4.433381240520445354e-01 3.065761809455254117e-01
-1.377610002605014206e-01 4.911805349097790874e-01 -4.327889463695728245e-01 5.134445247067045415e-01
-8.968822661073527769e-02 6.254042430375321704e-01 -2.817638738337825410e-01 6.756494858865513820e-01
-1.381799841650155347e-01 7.574047160081742724e-01 -4.341052231259667216e-01 8.593291672835312589e-01
-7.611121099614459595e-02 7.901582955349220061e-01 -2.391104213213105512e-01 9.110672262595647108e-01
-1.437503448749575252e-01 8.649767916337665064e-01 -4.516050274101657269e-01 1.045104120678992610e+00
-5.312860554325404827e-02 -8.541117923246508425e-01 -1.669084368701568843e-01 -1.023840639266384578e+00
-3.477969105492140223e-02 -9.113375502591305466e-01 -1.092636219122637142e-01 -1.146521628492577216e+00
-1.864124199321359754e-03 -6.992309911838885395e-01 -5.856318889966938800e-03 -7.743212363715181734e-01
-6.565134703008501660e-02 -7.350699300187835128e-01 -2.062497895279891691e-01 -8.257698181642916246e-01
-6.523268112698543675e-02 -5.772051255120400626e-01 -2.049345118025029944e-01 -6.153019558656073196e-01
9.269598880556673137e-03 -5.828222002337535290e-01 2.912130374488101567e-02 -6.221974337164685176e-01
-1.590177840903317374e-03 -4.781945826675149114e-01 -4.995691022883140715e-03 -4.985978697327857478e-01
-6.410426278232583819e-02 -2.903960388368640455e-01 -2.013894810207444430e-01 -2.946406858735498013e-01
-1.996099462089984122e-02 -3.475683067423129824e-01 -6.270931405936432113e-02 -3.549764747188291492e-01
-4.899247741175116744e-02 -4.496199344398246200e-01 -1.539144071179213424e-01 -4.663397929386154939e-01
8.327438948119381124e-03 -1.449153144497603574e-01 2.616142102262936087e-02 -1.454273829451809275e-01
-3.681480822656468810e-02 -1.757200275583570281e-02 -1.156571310678927017e-01 -1.757290718152461351e-02
-2.584459461670873814e-02 -2.277793741256091131e-01 -8.119318858285848317e-02 -2.297964963243450121e-01
-3.096891406382207279e-02 2.039301060380946939e-01 -9.729171291255704623e-02 2.053707226986145329e-01
-1.482255730526516047e-02 9.281362320324704207e-02 -4.656643713763474607e-02 9.294739755424184791e-02
-5.413590624318254108e-02 3.703505379466667247e-01 -1.700729653490080928e-01 3.793863644146089342e-01
-4.498149109112503652e-03 3.374738616153796222e-01 -1.413135219593931492e-02 3.442320318509329291e-01
7.186560869984592870e-03 6.362607138166462839e-01 2.257724683371947066e-02 6.896415832039910487e-01
5.685521330628162673e-03 5.031066259420489128e-01 1.786159204412950119e-02 5.271897284087846414e-01
-4.296196895089310352e-02 5.177587357702804205e-01 -1.349690060398785751e-01 5.442291197228695809e-01
-2.574896530487880142e-02 7.368668745137463283e-01 -8.089276023934570403e-02 8.284240348934414078e-01
-2.284294717653168050e-02 8.578700149389137941e-01 -7.176323503613163401e-02 1.031110204505760963e+00
-2.678216712584324810e-02 9.201328828814676619e-01 -8.413865948976320674e-02 1.168419677815861535e+00
4.536385225313988023e-02 -9.422202665169381319e-01 1.425147449769970376e-01 -1.229197481542328996e+00
5.098622578118083837e-02 -8.745827394550518274e-01 1.601779523484282430e-01 -1.064574596999256162e+00
5.568467823196421307e-02 -7.038620414903340450e-01 1.749385760510502319e-01 -7.808198728724063953e-01
1.237953129258539953e-02 -8.082059825706591205e-01 3.889144456367124580e-02 -9.410993276298105226e-01
7.839465217594399071e-02 -5.201151693076913052e-01 2.462840633566727444e-01 -5.469857886549498449e-01
4.072704192388831856e-02 -3.984449800349445514e-01 1.279477757105310642e-01 -4.098208070882519705e-01
8.486046036667826975e-02 -4.106666899631752354e-01 2.665969988682042602e-01 -4.231851335300106931e-01
2.896093559591372824e-02 -2.857003140032452482e-01 9.098346250920970324e-02 -2.897371220097642031e-01
6.566795528167124196e-02 -3.563808104598176207e-02 2.063019658891614150e-01 -3.564562918714076628e-02
6.032001229793637620e-02 -1.956976305507469593e-01 1.895009074996429066e-01 -1.969687854389911286e-01
2.049361559293494395e-02 -7.236410826211292502e-03 6.438259219225765662e-02 -7.236473984248948180e-03
1.958154245994303544e-02 1.893486050530315268e-01 6.151722993811364892e-02 1.904987082182078850e-01
7.264224650005868256e-02 2.302177515347720860e-01 2.282123479448432135e-01 2.323014389160719395e-01
5.197061986018502999e-02 8.529226385807953115e-02 1.632705175552650878e-01 8.539601747521059771e-02
3.915462450689188856e-02 3.674712610619572661e-01 1.230078807049184292e-01 3.762885830995967851e-01
5.744532228840504295e-02 4.898908694050334578e-01 1.804698024843512938e-01 5.119645677242036230e-01
6.955106577009395608e-02 6.595434352367570696e-01 2.185011172726676887e-01 7.202111954800981541e-01
4.369791200410233500e-02 7.914496724799564564e-01 1.372810393293011355e-01 9.131770820980280590e-01
7.215419072416073831e-02 8.618416479006021369e-01 2.266790755047401740e-01 1.038889716689774589e+00
1.231649123777518451e-01 -8.349091517174747068e-01 3.869339839059757757e-01 -9.879677022670505515e-01
1.458452412000497134e-01 -9.148944808612486934e-01 4.581863383151075775e-01 -1.155246458648737873e+00
1.044785562436012505e-01 -7.566085533635447113e-01 3.282290647525656913e-01 -8.581106883545666086e-01
1.253567332279859059e-01 -5.970867197658966674e-01 3.938197921870560392e-01 -6.398644599348789486e-01
1.594014962722325457e-01 -4.782590114836156037e-01 5.007745696600665042e-01 -4.986712313219367476e-01
1.348802397200625780e-01 -3.855179981056915395e-01 4.237387702189788219e-01 -3.957691504168504570e-01
1.070754576087145082e-01 -2.867756207657066181e-01 3.363874710033027959e-01 -2.908593859845731711e-01
1.237769421354579791e-01 -2.807450279092038592e-02 3.888567320965636842e-01 -2.807819204911516514e-02
1.380090243531264527e-01 -1.526413085713189677e-01 4.335681370368769105e-01 -1.532403519041628526e-01
1.376710542602708198e-01 1.925549287199281867e-01 4.325063726760285943e-01 1.937651376664313863e-01
1.038223212760023273e-01 9.396413768103695219e-02 3.261674417993281616e-01 9.410296225198466757e-02
1.069801855264251866e-01 3.961259592870773893e-01 3.360881649294905071e-01 4.072938002771352428e-01
1.534639668546375901e-01 3.921899202358236636e-01 4.821212708612769848e-01 4.030110355700555758e-01
1.169398199114730641e-01 5.176305743218698741e-01 3.673772791459972153e-01 5.440793223599292849e-01
1.444046947317829677e-01 6.527330234680264187e-01 4.536607281132460923e-01 7.111863879492503759e-01
1.161988406151059916e-01 7.281242976907487119e-01 3.650494240320682482e-01 8.155814849444724679e-01
8.988615535930866152e-02 9.446692219528600720e-01 2.823856853362349262e-01 1.236584739733676885e+00
1.980621047794648426e-01 -8.569213888594036099e-01 6.222304533296986184e-01 -1.029266984788001160e+00
1.798937431773146578e-01 -7.725823466049703825e-01 5.651528619926207142e-01 -8.828983823515802465e-01
2.360774635104974095e-01 -6.741690980823717982e-01 7.416592250426911059e-01 -7.398391200020698610e-01
2.038104014814534626e-01 -5.063642011903173312e-01 6.402892600193205164e-01 -5.309632450517181024e-01
1.866369953697835093e-01 -6.025867552685040263e-01 5.863374135417841471e-01 -6.467384887663507609e-01
1.935779456210677818e-01 -3.023689032617984385e-01 6.081430518601510515e-01 -3.071769123688872227e-01
2.437492133604739486e-01 -2.783517920793021627e-01 7.657607380115559748e-01 -2.820776547711306148e-01
1.791454833588290718e-01 -8.493165478360165110e-02 5.628021344438899343e-01 -8.503409512503730394e-02
2.189040582683958736e-01 -6.934816429083690004e-02 6.877073812969844990e-01 -6.940386942230153400e-02
2.373480847519460202e-01 1.984042666127669996e-01 7.456509994003212016e-01 1.997295521284196407e-01
2.393655699794527969e-01 4.541334354588166811e-02 7.519891161697824788e-01 4.542896791699769371e-02
1.915732965359258078e-01 1.978232338728451722e-01 6.018452610212434717e-01 1.991367698628052629e-01
1.993031848987507626e-01 7.446625686410457412e-02 6.261294215149635356e-01 7.453525117328366201e-02
2.188519522079968027e-01 3.695538830365290295e-01 6.875436852804273080e-01 3.785288709830023079e-01
1.765278010369257800e-01 4.945299807212146792e-01 5.545784428919666720e-01 5.172939745699218772e-01
2.087312791519166932e-01 6.659896469784309936e-01 6.557486531580618561e-01 7.288197075450264517e-01
2.169166323599878154e-01 7.798592894755944638e-01 6.814636986635757010e-01 8.944409923407414809e-01
1.671667000408041392e-01 8.362153722426419744e-01 5.251696767730388293e-01 9.903452651306163812e-01
2.336909494196559578e-01 8.910677044990209517e-01 7.341617699072150449e-01 1.099692207796107324e+00
2.101257064378343475e-01 9.718341458757637774e-01 6.601293756754659237e-01 1.332892667665128483e+00
2.848502460784880785e-01 -8.420654579177750954e-01 8.948834404534229403e-01 -1.001101204694593738e+00
2.624173031638086240e-01 -9.007017438077016269e-01 8.244082717942667893e-01 -1.121382111048490948e+00
2.602712233653878826e-01 -7.649157637608932081e-01 8.176661632655306544e-01 -8.709105451205052528e-01
2.449193838251351174e-01 -5.686749709380636286e-01 7.694369369467832787e-01 -6.048941010217090408e-01
2.953631932506952662e-01 -5.655224653711687921e-01 9.279108380572066439e-01 -6.010666125553730810e-01
3.178132213173183729e-01 -3.732339038777792162e-01 9.984396813041944707e-01 -3.824923840607755143e-01
2.668838971849119002e-01 -4.022138356568496498e-01 8.384404907575329080e-01 -4.139336157130477645e-01
2.897947060758570004e-01 -2.027163353946299651e-01 9.104169196571257894e-01 -2.041310574337704409e-01
2.654792216563448548e-01 -6.399256685828436098e-02 8.340275724363093168e-01 -6.403632298425733504e-02
3.201150559550980379e-01 -5.240224026271023128e-02 1.005671108092021537e+00 -5.242625265969954457e-02
2.792867402024052925e-01 1.696002162557905812e-01 8.774051712649175716e-01 1.704239943862825013e-01
3.062473769416824698e-01 7.910993191296888938e-02 9.621045095811338044e-01 7.919268185855871112e-02
2.696538162410484496e-01 3.674449537845614344e-01 8.471424481153299046e-01 3.762602969234072892e-01
2.559547429611408464e-01 5.213701974928988125e-01 8.041055401381839163e-01 5.484558698366467366e-01
2.950893671183036915e-01 6.208089194119095211e-01 9.270505878913243292e-01 6.697741172621588523e-01
2.960701748107137377e-01 7.418783376430451160e-01 9.301318861323840670e-01 8.358672886499406429e-01
3.188993185077499959e-01 8.600160484297565411e-01 1.001851756258739012e+00 1.035301122691651088e+00
3.263940462822128019e-01 -9.749970392967965971e-01 1.025397137975646578e+00 -1.346707717677141369e+00
3.773858188633574251e-01 -9.374068878056966980e-01 1.185592516110091976e+00 -1.215107646374785633e+00
3.629729040915135041e-01 -8.692967287893673678e-01 1.140313008946051365e+00 -1.053777746565927709e+00
3.366270561038051667e-01 -6.738117534446539381e-01 1.057545086455273342e+00 -7.393553982445574269e-01
3.353641855124311899e-01 -7.905473610088920022e-01 1.053577661482978378e+00 -9.117022777202485884e-01
3.891650824726180513e-01 -6.480222655285792221e-01 1.222598164129642839e+00 -7.049848164956227237e-01
3.642601409446639682e-01 -5.263963674267995163e-01 1.144356982787338994e+00 -5.543566025836238476e-01
3.650459072955674067e-01 -3.919690139522173933e-01 1.146825540582775194e+00 -4.027709021252450783e-01
3.858542319260329645e-01 -2.514611505210428977e-01 1.212196820375357476e+00 -2.541896195961803051e-01
3.346016494042465261e-01 -1.749962681208492299e-01 1.051182083647408394e+00 -1.759019777944873242e-01
3.356487119990694268e-01 2.011645333457277030e-01 1.054471527803152675e+00 2.025466121515991647e-01
3.851805326438697552e-01 1.438520559883811334e-01 1.210080331659784791e+00 1.443528653972253606e-01
3.682649717843431425e-01 8.493720334257215399e-04 1.156938529932144855e+00 8.493721355532359929e-04
3.287248563150149128e-01 4.008376239211892678e-01 1.032719593651611145e+00 4.124309511595199984e-01
3.719110065735036219e-01 2.637065417257631328e-01 1.168392886040504175e+00 2.668627530593260522e-01
3.990472107219444897e-01 4.441212454002678722e-01 1.253643785639559027e+00 4.601932327900131181e-01
3.462562539324844924e-01 5.598869569523026168e-01 1.087796103613815291e+00 5.942493620476119176e-01
3.711169001830956216e-01 7.076192674759804735e-01 1.165898127238229831e+00 7.861231913547729322e-01
3.511035557663781947e-01 7.891284579071198291e-01 1.103024351444908069e+00 9.093887789354391238e-01
4.068091331817578205e-01 -7.409609113449207030e-01 1.278028584217042019e+00 -8.345001207758825368e-01
4.170425470075578289e-01 -5.057771398540631402e-01 1.310177801913319673e+00 -5.302825878990894415e-01
4.444137803635992423e-01 -6.178633444930103913e-01 1.396167067544351159e+00 -6.660223881600820794e-01
4.215357513320137084e-01 -3.922533921789976841e-01 1.324293619610108053e+00 -4.030800365075296599e-01
4.688254024113811536e-01 -4.451392475500692836e-01 1.472858440031873606e+00 -4.613297585200337725e-01
4.212701842598771673e-01 -6.093494097956897448e-03 1.323459316047248535e+00 -6.093531807840397996e-03
4.108207294855050762e-01 -1.276978296483988196e-01 1.290631385694062550e+00 -1.280474571444318588e-01
4.662724240844429158e-01 -6.720183648953637068e-02 1.464838022075190427e+00 -6.725252111528504106e-02
4.612460652527465843e-01 -2.228954901385096221e-01 1.449047250095226946e+00 -2.247836807041328211e-01
4.385371129634667575e-01 1.179886141135615407e-01 1.377704972412504336e+00 1.182641028573103853e-01
4.571123553275018292e-01 3.648754454042308915e-01 1.436060817362006858e+00 3.734990218465031875e-01
4.599922887861620513e-01 2.435988925686436435e-01 1.445108395158561265e+00 2.460748046231303887e-01
4.075541060434151319e-01 3.285738692520767668e-01 1.280368985486348476e+00 3.347932110737583677e-01
4.035989102830679354e-01 5.735768158499079394e-01 1.267943371542132214e+00 6.108657014806575525e-01
4.312597702089089324e-01 6.547252476898373086e-01 1.354842525877130610e+00 7.138190702742922555e-01
4.752373460314665010e-01 5.825152937684479060e-01 1.493002155003965603e+00 6.218198001622431415e-01
4.618783679111704288e-01 7.376934763557623231e-01 1.451033687481776635e+00 8.296475663460434191e-01
4.253025573316016050e-01 8.072146835952049848e-01 1.336127389665911380e+00 9.394179603070680340e-01
4.015535550125526321e-01 9.292890549836596570e-01 1.261517698450300262e+00 1.192483322319847217e+00
4.590723212071481374e-01 8.677369590118997333e-01 1.442218231770790338e+00 1.050630876856046614e+00
4.824595027312610362e-01 -9.593408396314182518e-01 1.515691229435114362e+00 -1.284657495922619130e+00
4.910246577423540426e-01 -8.789789076979555027e-01 1.542599457494822079e+00 -1.073716676019574212e+00
4.959042359000573885e-01 -7.844796050650280073e-01 1.557929104387679953e+00 -9.018565436958690951e-01
5.039784876136970126e-01 -5.257841858411067548e-01 1.583295114254485103e+00 -5.536367520021779898e-01
5.189876597648079848e-01 -6.321691277363730155e-01 1.630447819220879779e+00 -6.843495124316995026e-01
4.869084641571770344e-01 -3.244343528142050737e-01 1.529668053966876551e+00 -3.304136729810892015e-01
5.409604749018028791e-01 -4.051793454106535908e-01 1.699477453833949658e+00 -4.171749915416325671e-01
5.512794386702246641e-01 -2.526791277718229978e-01 1.731895434601482764e+00 -2.554482390664769009e-01
5.247072844793370106e-01 -2.460992410105822259e-02 1.648416550205334730e+00 -2.461240893838581925e-02
5.433098079887501708e-01 -1.325567574179582486e-01 1.706858101400738681e+00 -1.329480583904359414e-01
5.046532692659866370e-01 -1.685828510345201980e-01 1.585415003336095419e+00 -1.693917653812077595e-01
4.877257180445688789e-01 1.374772673925719335e-01 1.532235532775624298e+00 1.379140458573862305e-01
5.267659754755307233e-01 2.782198123392529698e-01 1.654884118714988528e+00 2.819402472003131321e-01
5.191769568028088422e-01 4.237597038845093422e-01 1.631042513404809657e+00 4.375921254338576705e-01
5.354723751173433577e-01 5.238330558904407130e-01 1.682236079868923762e+00 5.513445945161331574e-01
4.798416011353323629e-01 4.767957089712138163e-01 1.507466849013523902e+00 4.970057695419475285e-01
5.262408711969506214e-01 7.028670621262951279e-01 1.653234454971032719e+00 7.794201279961843198e-01
5.095177215896569134e-01 7.979730580425061781e-01 1.600697131019875652e+00 9.239245492877504740e-01
5.097947031462759515e-01 9.126388213004714700e-01 1.601567294243329886e+00 1.149693806561333131e+00
5.796560670402353121e-01 -8.913363173553494612e-01 1.821043241822355885e+00 -1.100284379266549095e+00
6.043706350801458793e-01 -8.282620848934989510e-01 1.898686347213184078e+00 -9.759990052782421266e-01
5.575985559259275526e-01 -6.971559155606248392e-01 1.751747526949171352e+00 -7.714227143434737588e-01
6.198085117625455887e-01 -6.768759316391614878e-01 1.947185867185636132e+00 -7.435102096668662064e-01
5.688254693546299645e-01 -5.912119177527006553e-01 1.787017915699271597e+00 -6.325606722206924548e-01
5.799807481454597458e-01 -4.839130350421971816e-01 1.822063257597288377e+00 -5.051206596437564089e-01
5.925628078880380567e-01 -2.956630063020049271e-01 1.861590964051600183e+00 -3.001494792090320107e-01
6.145816829067216602e-01 -1.023089749536951754e-01 1.930765300050608424e+00 -1.024883010689340151e-01
5.817614209626273958e-01 -1.721144118106956444e-01 1.827657406238149207e+00 -1.729757116920898341e-01
6.192474084144308222e-01 5.401343093771027171e-02 1.945423109029294162e+00 5.403972906510973867e-02
5.661234115171469572e-01 7.479664185023948697e-02 1.778529150647460089e+00 7.486656012043643726e-02
5.949270405959432573e-01 2.282323361393954197e-01 1.869018420158131910e+00 2.302617122413684880e-01
6.060948370222580817e-01 4.222350965994865479e-01 1.904103087367828850e+00 4.359095786954503282e-01
5.668890327909752447e-01 3.756646887878405394e-01 1.780934420816751240e+00 3.851138915136097518e-01
5.651453565323041328e-01 6.332597125599506160e-01 1.775456500292271089e+00 6.857578361856571103e-01
6.107616563017777001e-01 5.547882895696840677e-01 1.918764332531998962e+00 5.881084823080224844e-01
6.147223750581958246e-01 6.581873437848202446e-01 1.931207297480097562e+00 7.184085068998368184e-01
6.118024733453382158e-01 7.607773013998440081e-01 1.922034155709779757e+00 8.645099426543534360e-01
5.758523699925373052e-01 8.382240403431542308e-01 1.809093575120826580e+00 9.940183307065465490e-01
5.910456577002469736e-01 9.467215419145331712e-01 1.856824696167243438e+00 1.242898793921983325e+00
6.466027029796541647e-01 -9.428270861000145331e-01 2.031362301472184662e+00 -1.231013555039559559e+00
6.737362739063297301e-01 -8.702373794823639042e-01 2.116604928561085952e+00 -1.055683974698234717e+00
6.909442268741459170e-01 -7.972767379846246172e-01 2.170665307188095916e+00 -9.227700837360470754e-01
6.807546915774123075e-01 -6.957210329219958300e-01 2.138653937956383810e+00 -7.694232013189122865e-01
6.337964650999854399e-01 -4.884899252796184310e-01 1.991130318629293905e+00 -5.103583061681484789e-01
7.022726524952345173e-01 -6.061139876455972075e-01 2.206254605896046606e+00 -6.511656980090575475e-01
7.041931749250676109e-01 -4.986014124300477413e-01 2.212288105052664378e+00 -5.219845772595418376e-01
6.813012390356696368e-01 -3.502218156495857659e-01 2.140370967436083127e+00 -3.578079069932831868e-01
6.343365840572328107e-01 -3.760080053873724459e-01 1.992827152377446787e+00 -3.854843693053883746e-01
7.083096095480869714e-01 -1.928240780318042358e-01 2.225220265823324883e+00 -1.940394272260169417e-01
6.624751844602190243e-01 -1.841244250953362194e-01 2.081227172685767179e+00 -1.851809828264208702e-01
6.485800326283908124e-01 -2.945116113894075127e-02 2.037574265770381032e+00 -2.945542031489866916e-02
6.923148657981383902e-01 2.320045076994725619e-02 2.174971296362435247e+00 2.320253259022003745e-02
6.815554016172022944e-01 1.925045909682809864e-01 2.141169442735043837e+00 1.937138401973527435e-01
6.409444251719977892e-01 2.025518578479486020e-01 2.013586297479680987e+00 2.039630954352717462e-01
6.601402871363268865e-01 4.111878922650042956e-01 2.073891876406141144e+00 4.237568353387017317e-01
7.059703559743368828e-01 6.232590907236676969e-01 2.217871283981148078e+00 6.729033698605170200e-01
6.975666204876072030e-01 5.079440567556123831e-01 2.191470170313325916e+00 5.327963322028953508e-01
6.741305864279203419e-01 7.100546074550087017e-01 2.117843697882133558e+00 7.895757575710971032e-01
7.002129257177502897e-01 8.184739499932143225e-01 2.199783783383499891e+00 9.587498633375099999e-01
6.579109572233647896e-01 8.894330686507778694e-01 2.066888229929151333e+00 1.096103296239108627e+00
7.685822868874048197e-01 -9.361962732772577400e-01 2.414572466164713660e+00 -1.211647335761831590e+00
7.532172846069273842e-01 -8.320283085515087773e-01 2.366301887877975574e+00 -9.827540889854937678e-01
7.633857339313216972e-01 -5.513858417484753804e-01 2.398247013573892694e+00 -5.840245097878983271e-01
7.476059289688676834e-01 -6.608959258436473139e-01 2.348673294228767361e+00 -7.220119419133899097e-01
7.451028089727818049e-01 -4.197195368742443478e-01 2.340809510838010254e+00 -4.331363000942529129e-01
7.862886805874986784e-01 -3.279878048501168042e-01 2.470198742534497338e+00 -3.341727614441799554e-01
7.468074581089723107e-01 -2.674951425690985651e-01 2.346164824041214736e+00 -2.707925013346521581e-01
7.306065677080386678e-01 -5.806229723726130665e-02 2.295268225776028181e+00 -5.809497039170746086e-02
7.661324753030911427e-01 -1.112460386669047452e-01 2.406876156088754826e+00 -1.114767836058900286e-01
7.814440121182018029e-01 1.576582641214652192e-02 2.454978767662276073e+00 1.576647961421683009e-02
7.302270057210897836e-01 1.837425193946409241e-01 2.294075796626247499e+00 1.847924482155038628e-01
7.134388961406763485e-01 3.044882839345741665e-01 2.241334394900760252e+00 3.094011574703554035e-01
7.606162468418447009e-01 3.195710568387388761e-01 2.389546413279379777e+00 3.252767720297596310e-01
7.384883375482633738e-01 4.376156734762919331e-01 2.320029536003363368e+00 4.529452365690663229e-01
7.818998721525505236e-01 4.818608586867536570e-01 2.456410894197251338e+00 5.027771426984658509e-01
7.668478737158292979e-01 5.851740447983322380e-01 2.409123646486602599e+00 6.250946707416401571e-01
7.624128495340616318e-01 9.182005174175356110e-01 2.395190607098668156e+00 1.163513477056386636e+00
8.331936096011485215e-01 -8.674518498945784639e-01 2.617554922940930506e+00 -1.050057530952015483e+00
8.239934208062653642e-01 -7.311497792487862135e-01 2.588651677411286212e+00 -8.200057892280397942e-01
8.575063431637841571e-01 -6.241127721405617113e-01 2.693935628089992207e+00 -6.739954880721844566e-01
8.609733186675216920e-01 -4.720713046655666822e-01 2.704827452862709869e+00 -4.916388930448439831e-01
8.054929518376048314e-01 -6.450042226154875102e-01 2.530530740011376345e+00 -7.010288089033834824e-01
8.118979904507070966e-01 -5.446672474667597630e-01 2.550652762264257412e+00 -5.759922930174299349e-01
8.188333834222112362e-01 -4.274385971000627116e-01 2.572440941873292974e+00 -4.416576016895564227e-01
8.615986065132055227e-01 -2.946186577520137906e-01 2.706791852565089140e+00 -2.990564397972158561e-01
8.210127600379157897e-01 -2.618028139452384107e-01 2.579287655438595728e+00 -2.648896969864424911e-01
8.125025528511284900e-01 -1.032197231638938284e-01 2.552552051060057892e+00 -1.034038967229035239e-01
8.329153827874993254e-01 2.608825102211898006e-02 2.616680847627138373e+00 2.609121119235627978e-02
8.010636868488771878e-01 1.225811600616286690e-01 2.516615793661987066e+00 1.228902415545852500e-01
8.267047888455816285e-01 2.607924162805170809e-01 2.597169691324780594e+00 2.638429328851406019e-01
8.342833399741595990e-01 4.426063475460157992e-01 2.620978411875175773e+00 4.585031428702417422e-01
8.004418594880697846e-01 3.643011559180744374e-01 2.514662265393473373e+00 3.728822813723646212e-01
8.211397427268034566e-01 5.948642823362584320e-01 2.579686583321138649e+00 6.370967985781272880e-01
7.897137500927207121e-01 6.730367944118946788e-01 2.480958915730137271e+00 7.383071024794546355e-01
8.040409127936964939e-01 7.659055477398717393e-01 2.525969024818308206e+00 8.724485709601644823e-01
8.561259767240170238e-01 9.065910053933332602e-01 2.689599079023558215e+00 1.135134647816509634e+00
8.228854588313576635e-01 8.493874038887723188e-01 2.585170912210459360e+00 1.014823481562717733e+00
8.427755063583513007e-01 9.670460012228041524e-01 2.647657339400814269e+00 1.313360506856342536e+00
9.544551981747508851e-01 -9.725028683728933476e-01 2.998509438766387536e+00 -1.335747058489025418e+00
9.834285932384909668e-01 -9.097762577015164887e-01 3.089532043848187914e+00 -1.142744733551987135e+00
9.470996291437638881e-01 -7.016290011412424921e-01 2.975401237135665955e+00 -7.776811122618174643e-01
9.688828160458580196e-01 -8.186107185353141968e-01 3.043835137079058395e+00 -9.589879509813161729e-01
8.754760471635523178e-01 -7.810457849244940576e-01 2.750389118162847257e+00 -8.963387337530572818e-01
8.922560008227207184e-01 -6.976258516697189105e-01 2.803104897306067933e+00 -7.720784169503071004e-01
9.185579888489623368e-01 -5.945171777891535836e-01 2.885735029664115103e+00 -6.366650520949070913e-01
9.692045695268645122e-01 -6.135159759191419759e-01 3.044845955451255470e+00 -6.605053242643086353e-01
9.344444912984586349e-01 -4.218228673756649894e-01 2.935643949050688928e+00 -4.354548718125745288e-01
9.066060777458446740e-01 -3.276703308785218205e-01 2.848186993546202306e+00 -3.338367166451586820e-01
9.650278422112739118e-01 -3.272171601048758927e-01 3.031724379600547969e+00 -3.333571052112613287e-01
9.308722056937863698e-01 -2.227046274602253462e-01 2.924421282838526093e+00 -2.245878968337925441e-01
9.061464393288700681e-01 -3.719830999711382091e-02 2.846742996872127396e+00 -3.720689398189705455e-02
8.850284576707279083e-01 -1.656405886945488959e-01 2.780398900836264175e+00 -1.664075375424599601e-01
9.626889536809546399e-01 -9.531409526975798130e-02 3.024376544576131920e+00 -9.545900635269408130e-02
9.995680932499682037e-01 1.787644207248382244e-01 3.140235778516857312e+00 1.797304996671302557e-01
8.710009155836599959e-01 6.488277280595200480e-02 2.736330077667609828e+00 6.492838289981919808e-02
9.425949277824023920e-01 9.932917706970934013e-02 2.961249300432196918e+00 9.949324153859979980e-02
9.228935818546446512e-01 2.095496240122385334e-01 2.899355696799721827e+00 2.111143347331526920e-01
9.814451792763310145e-01 6.231233558201010325e-02 3.083300965115638892e+00 6.235273087502282013e-02
9.505176512721149606e-01 4.121054638976915374e-01 2.986139270343901142e+00 4.247636693968680488e-01
8.757158939088693916e-01 2.697928663446120812e-01 2.751142618935922712e+00 2.731779146898248301e-01
9.087206731950334682e-01 3.442430951088273350e-01 2.854830191074688273e+00 3.514324877781915268e-01
9.556513988713561947e-01 2.888573072568709765e-01 3.002267414087061770e+00 2.930330503279169885e-01
8.838640304101357259e-01 5.078923549084393141e-01 2.776740744708747766e+00 5.327363118535850539e-01
8.967084771670483789e-01 6.330090347797105998e-01 2.817092764279689909e+00 6.854339806125514523e-01
9.710726534242284380e-01 6.271612742132941509e-01 3.050714714099503233e+00 6.779032587280259259e-01
9.371425406820319548e-01 5.350133040459732481e-01 2.944120121173145588e+00 5.645234944029215995e-01
8.718203884862150144e-01 7.596823243180197416e-01 2.738904527718092563e+00 8.628244649396583643e-01
9.275806698044366527e-01 8.101561396821026495e-01 2.914080617869517997e+00 9.444184187854270940e-01
9.278455925773410051e-01 7.097881696169092702e-01 2.914912897306642936e+00 7.891974456860748610e-01
9.868006038300907168e-01 8.885675663749972308e-01 3.100125527550584792e+00 1.094213164276841566e+00
9.477705680987611458e-01 9.902751818844390819e-01 2.977509054027692947e+00 1.431221105973070395e+00
9.909104617859656461e-01 9.559033334950912675e-01 3.113037027112059096e+00 1.272720435970842834e+00
