-9.606193587294133973e-01 -9.151430945609977385e-01 -3.017874720280463219e+00 -1.155862737392898687e+00
-9.405238789638139529e-01 -7.399793606369893251e-01 -2.954742908678493762e+00 -8.330396732333219534e-01
-8.892828895990374516e-01 -4.581194026659816121e-01 -2.793764592927439061e+00 -4.758783744613080957e-01
-9.972198153263152065e-01 -5.873788416237408772e-01 -3.132858445843321960e+00 -6.278162711240217186e-01
-9.446685363512206113e-01 -1.601824325876672894e-01 -2.967763733878417298e+00 -1.608754692590159685e-01
-9.724160341714389588e-01 -4.050262147146981295e-01 -3.054935069185913843e+00 -4.170075021747535748e-01
-8.862735265930703488e-01 3.548729153072414100e-01 -2.784310400215908032e+00 3.627781318829651491e-01
-9.872503546336097724e-01 2.799549793187579017e-01 -3.101538461370866528e+00 2.837472129860749148e-01
-9.529993111630212788e-01 6.644357976690451473e-02 -2.993935634825880765e+00 6.649256577131620882e-02
-8.770206770359993964e-01 1.163486638236435056e-01 -2.755241716022642340e+00 1.166127781028263172e-01
-9.731281465984169543e-01 7.382755283579560679e-01 -3.057172236355037764e+00 8.305100987299040005e-01
-9.468860798247518140e-01 4.994016053721779258e-01 -2.974730352163878599e+00 5.229079467130692827e-01
-8.769838629601143243e-01 9.422927481024225838e-01 -2.755126061192293196e+00 1.229413914247882822e+00
-7.933671545861715746e-01 -9.082004867595521169e-01 -2.492436424447354248e+00 -1.138964253475948096e+00
-7.412271341072862452e-01 -7.798503469315314351e-01 -2.328633719152866988e+00 -8.944267062235922161e-01
-8.075446570236133326e-01 -4.980250801807477590e-01 -2.536976361951072789e+00 -5.213198319051195462e-01
-8.254095155170910747e-01 -2.910915084596485958e-01 -2.593100470151603609e+00 -2.953675555973659939e-01
-8.331600240551122472e-01 -7.484142038318575274e-02 -2.617449410836235835e+00 -7.491146451464467115e-02
-7.642466941974026540e-01 9.101973444509825484e-02 -2.400951800020845184e+00 9.114588219534820734e-02
-8.040497746532977441e-01 5.753179369657037689e-01 -2.525996865171328931e+00 6.129928042569703361e-01
-7.365465402024700126e-01 4.321362308991136825e-01 -2.313929199727058794e+00 4.468602665027561205e-01
-8.209996130325241115e-01 8.296903949064393657e-01 -2.579246352903040940e+00 9.785528301929149464e-01
-6.156559782885246968e-01 -8.241213625319110392e-01 -1.934140298529866353e+00 -9.686492143641839414e-01
-7.121399870122047115e-01 -5.010468819087994241e-01 -2.237253751525073220e+00 -5.248080331274126431e-01
-7.293096290029379425e-01 -1.275966183617185390e-01 -2.291193772667927231e+00 -1.279454110835692993e-01
-6.591232868670513501e-01 -2.797843535096939949e-01 -2.070696875831486317e+00 -2.835694848038880500e-01
-6.553087872045482154e-01 -5.496170082336804263e-02 -2.058713271714645909e+00 -5.498940978572104676e-02
-6.075842122362267173e-01 2.458852926500609826e-01 -1.908782097598471506e+00 2.484329198263745542e-01
-6.874109412157836108e-01 2.669030776943557282e-01 -2.159565162920750847e+00 2.701780975512660388e-01
-7.169350167654899852e-01 6.090710691770553353e-01 -2.252317781771738581e+00 6.548888208586536308e-01
-6.413179846448842092e-01 7.450043732955331510e-01 -2.014759869175379858e+00 8.405413971532692541e-01
-5.163712472486401417e-01 -4.513580702441506443e-01 -1.622228116881326621e+00 -4.682866694806417929e-01
-5.744190409495750771e-01 -6.028078470602484806e-01 -1.804590639129279639e+00 -6.470155566022909310e-01
-4.839181197592614669e-01 -6.926582417297402205e-01 -1.520273609974681639e+00 -7.651680841630468244e-01
-4.795602184018108449e-01 -2.162025131557978597e-01 -1.506582859085045634e+00 -2.179233055601574598e-01
-5.838789623049929212e-01 -3.028991652706112259e-01 -1.834309858562997553e+00 -3.077332634489058361e-01
-5.768276239581273668e-01 4.200827438180532170e-02 -1.812157425814508782e+00 4.202063950306793999e-02
-4.938782552870550902e-01 1.372234693578142650e-01 -1.551564298577556622e+00 1.376578194429452784e-01
-5.201135420652343022e-01 3.325397594117909250e-01 -1.633984882784705883e+00 3.389953223082661782e-01
-5.803208449858114903e-01 4.885090707555850287e-01 -1.823131703332446563e+00 5.103802477931933534e-01
-4.995715468164914075e-01 6.270485777036818309e-01 -1.569450301421178695e+00 6.777585784403998836e-01
-4.832518155409071259e-01 7.978512751645561174e-01 -1.518180353537243565e+00 9.237225118193288509e-01
-4.216114188649704442e-01 -9.567508508600717221e-01 -1.324531336175760243e+00 -1.275619960945624021e+00
-4.181426279926538925e-01 -8.622913542034058576e-01 -1.313633808254451196e+00 -1.039777070139940029e+00
-4.385179869878337300e-01 -4.219970180393319836e-01 -1.377644886387962897e+00 -4.356469558782478657e-01
-3.495508711308406014e-01 -4.026629123611777938e-01 -1.098146448800561226e+00 -4.144241702427002294e-01
-3.399577826850583850e-01 -1.818381196274978517e-01 -1.068008872614054861e+00 -1.828554127932735807e-01
-4.026647874584645681e-01 1.436733776993448508e-02 -1.265008738138807765e+00 1.436783210110917017e-02
-3.883212108766940229e-01 2.327108054503888024e-01 -1.219947063323314707e+00 2.348640864137207240e-01
-3.940759790545100838e-01 5.934147632556623364e-01 -1.238026200753854056e+00 6.352947248882820919e-01
-4.392586381593281963e-01 4.092651810386946920e-01 -1.379971710667202700e+00 4.216485609347587205e-01
-4.592226157926293517e-01 9.199496800882145386e-01 -1.442690396136412589e+00 1.167952110694439938e+00
-2.714658498875925918e-01 -7.990408435355649264e-01 -8.528351197073704704e-01 -9.256983232636956105e-01
-2.061112601980072956e-01 -4.211557023536411926e-01 -6.475176208601940431e-01 -4.347191632909757075e-01
-3.257456575472277294e-01 -6.246107203100819127e-01 -1.023360164689147256e+00 -6.746329553233861853e-01
-2.557836150864385427e-01 -1.553743572871681966e-01 -8.035679260641946930e-01 -1.560064015594803122e-01
-3.111200461475509549e-01 9.181894833684900448e-02 -9.774124513616635479e-01 9.194845690322757392e-02
-2.131681965995082528e-01 3.302848775621751720e-01 -6.696876404159998186e-01 3.366053742533942628e-01
-3.240946392675347898e-01 3.614783435025590297e-01 -1.018173337790721389e+00 3.698529652116077648e-01
-2.491985593428771573e-01 5.604523370899618939e-01 -7.828803633167429332e-01 5.949318768212348285e-01
-3.185643581887600551e-01 7.047574717771765140e-01 -1.000799447381355955e+00 7.820812330946225188e-01
-2.101401014382522359e-01 7.478392404815368266e-01 -6.601745989030270989e-01 8.448013398823371878e-01
-7.937571760174066959e-02 -9.352956226568347464e-01 -2.493661712910465178e-01 -1.209093549635543052e+00
-1.545891613398722164e-01 -8.146150844746040676e-01 -4.856561735899498355e-01 -9.520652400886634448e-01
-1.316992391433446929e-01 -6.293099715443819520e-01 -4.137453621760970313e-01 -6.806650009522533518e-01
-1.205537867065631374e-01 -4.446196411006184679e-01 -3.787308906797696162e-01 -4.607495754087144735e-01
-9.820766312602313697e-02 -1.698713619410354703e-01 -3.085284730029355105e-01 -1.706991324341661509e-01
-1.849901076650326548e-01 -7.212810286079118782e-03 -5.811635632272514895e-01 -7.212872828177046419e-03
-1.757886306896352391e-01 -2.382516043571798470e-01 -5.522562707591672782e-01 -2.405652161686647472e-01
-1.119450110091995132e-01 2.335662766087560627e-01 -3.516856241925296889e-01 2.357437993878650773e-01
-8.797174230199056311e-02 5.773823238440072281e-01 -2.763713793394280138e-01 6.155189679888850574e-01
-1.555232444905254585e-01 4.472715284724158025e-01 -4.885906823538840316e-01 4.637123810819842595e-01
-1.615688410247049234e-01 8.807898253115715725e-01 -5.075834840122301905e-01 1.077527652976145722e+00
-1.070599150932232124e-01 7.735914581518377187e-01 -3.363386427508170406e-01 8.844892887644850710e-01
3.719075890895684466e-02 -8.013539096740120993e-01 1.168382149698079658e-01 -9.295551408814637373e-01
1.449611487742630267e-02 -6.348492780306891348e-01 4.554088800451617375e-02 -6.878134293963444890e-01
8.171355309082972695e-03 -5.013745274694558773e-02 2.567106980888702109e-02 -5.015848216602274839e-02
-7.456905730635288165e-03 -3.336641076131892092e-01 -2.342656026187545093e-02 -3.401877703276165454e-01
-1.496392508711918978e-03 1.790075727534952144e-01 -4.701055712256165496e-03 1.799776380864869796e-01
1.048146553127593528e-02 3.896564491947889231e-01 3.292849511191111439e-02 4.002585278326279417e-01
5.204251749801547255e-02 5.522266816735712514e-01 1.634963906460836780e-01 5.850327446847043422e-01
2.956412270730313097e-02 8.975962861336503895e-01 9.287843070709070337e-02 1.114286031569080793e+00
1.044453826991098566e-02 7.795730745845055321e-01 3.281248469888980307e-02 8.939838772335428896e-01
1.290420116883768120e-01 -9.458689473801593639e-01 4.053974359246528270e-01 -1.240261641860375130e+00
1.818559105681207821e-01 -6.537616638882837172e-01 5.713171926526906530e-01 -7.125449668911325585e-01
8.984770510132844556e-02 -5.114216415537780058e-01 2.822648902882356481e-01 -5.368383380054381204e-01
1.269609794159138882e-01 -1.357844543452577657e-01 3.988596802256000329e-01 -1.362052071555948651e-01
8.084099965128865861e-02 -3.096242655777714514e-01 2.539694906133434515e-01 -3.147978543824832554e-01
1.027317978259951747e-01 3.941123245799456054e-01 3.227414613402183052e-01 4.051018017702290863e-01
1.079731240001029491e-01 1.866804547925802193e-01 3.392075731438631836e-01 1.877821099034822361e-01
1.452652211236757918e-01 5.592970897501010619e-01 4.563641515042367036e-01 5.935376223653539007e-01
3.297112527721726138e-01 -7.787827385701491245e-01 1.035818449514944728e+00 -8.927229762462137730e-01
2.264051005803207062e-01 -8.366810283622081457e-01 7.112726007183937105e-01 -9.911949314709176395e-01
2.144578490880153510e-01 -4.714011380762117565e-01 6.737392031995775854e-01 -4.908788426551705664e-01
3.010063633328803334e-01 -3.828736660611284925e-01 9.456393797303569437e-01 -3.929049979506432089e-01
2.362552086598601608e-01 -1.973764732572149683e-01 7.422176278981403863e-01 -1.986810231780075098e-01
2.413902095869420172e-01 9.746201558751743654e-02 7.583497090868375201e-01 9.761697496456976653e-02
2.077548495901917480e-01 3.583040753705453163e-01 6.526811092201988407e-01 3.664507253146720989e-01
3.122621262399718489e-01 5.411064579867752578e-02 9.810004017898241724e-01 5.413708630341807632e-02
2.436317654555670842e-01 5.281521116357377199e-01 7.653917645363210731e-01 5.564229258380385401e-01
2.223686939070159685e-01 7.744324593579743343e-01 6.985918551666387977e-01 8.858175264348591149e-01
3.463745737154646509e-01 -9.119582505693095698e-01 1.088167816174800073e+00 -1.148031952840547376e+00
3.516100207503796149e-01 -5.759367922322689015e-01 1.104615458117947258e+00 -6.137496174142599292e-01
4.272870235270920247e-01 -7.109927392534061141e-01 1.342361774086961335e+00 -7.909089502383839232e-01
4.175045356012820896e-01 -3.190888476994171441e-01 1.311629181885406004e+00 -3.247679212874978738e-01
4.090983855404142222e-01 -1.118427070232825837e-01 1.285220482609210180e+00 -1.120771988906299060e-01
3.837095792213836010e-01 1.141011552149988617e-01 1.205459195193929522e+00 1.143501989250578776e-01
4.543736599847865154e-01 1.900033120781239315e-01 1.427456952192911910e+00 1.911655200622033313e-01
4.184532317963625125e-01 6.263267473484424031e-01 1.314609598882359398e+00 6.768322885390346544e-01
4.225953453716275732e-01 4.325335647200925226e-01 1.327622432460746627e+00 4.473009097862744587e-01
3.428444793236018473e-01 4.171914913875554021e-01 1.077077697566845238e+00 4.303528349816951315e-01
3.340465206683664867e-01 5.992688137861392761e-01 1.049438095288971251e+00 6.425874389460370928e-01
3.454982843095284473e-01 9.306244336522393468e-01 1.085414871814692317e+00 1.196115376387869800e+00
3.738946885852052482e-01 8.249821489347533010e-01 1.174624806875524285e+00 9.701706132717398123e-01
5.246917732408764579e-01 -8.476550753665872406e-01 1.648367820212539137e+00 -1.011549744070256995e+00
5.980194264398783766e-01 -4.162948451558121654e-01 1.878733436807503487e+00 -4.293664517616556098e-01
5.246005429581204194e-01 -5.114487516288668267e-01 1.648081211826447845e+00 -5.368698862258534099e-01
5.922699644583104828e-01 -6.786843270430695796e-01 1.860670969284116127e+00 -7.459697282051090950e-01
4.881612953641594199e-01 -2.143943895759332641e-01 1.533603939282920381e+00 -2.160717597831421088e-01
5.746960868012689350e-01 3.259615172405521122e-01 1.805461004341668563e+00 3.320286163082036834e-01
5.417358237013440991e-01 8.083622524146982791e-02 1.701913283926558051e+00 8.092452245111982079e-02
5.826895432555398990e-01 7.205162760077288286e-01 1.830573188415196118e+00 8.045465476852453612e-01
5.489622614738445261e-01 5.697075769688479951e-01 1.724615807744269036e+00 6.061499995133395879e-01
5.596584840490022028e-01 9.243404705230722218e-01 1.758218982007545783e+00 1.179303490834192836e+00
6.003367373683117236e-01 -9.463718417457591681e-01 1.886013483796353141e+00 -1.241814675546673241e+00
7.083480644550181893e-01 -6.425820538419795280e-01 2.225341075476434227e+00 -6.978633968987845160e-01
6.965495900085294512e-01 -4.453937671585361802e-01 2.188275074831778522e+00 -4.616140115390459653e-01
6.318402857230982494e-01 -1.103945565696713427e-01 1.984984799869761396e+00 -1.106200242387846422e-01
7.078297244879652173e-01 -2.194096380460686113e-01 2.223712662443878774e+00 -2.212093225879614711e-01
6.357233550530103638e-01 1.250393227844839306e-01 1.997183821949993110e+00 1.253674649084015602e-01
6.796744947518884583e-01 3.707964670301309162e-01 2.135260399544887111e+00 3.798664759354890008e-01
6.977207276460539731e-01 1.268553097818125863e-02 2.191954312230167901e+00 1.268587123446285152e-02
7.126769814488855825e-01 6.837382698143470439e-01 2.238940769302368405e+00 7.528732517759619824e-01
6.855239047768941774e-01 8.178229895666551119e-01 2.153636863107279531e+00 9.576177716558604835e-01
7.543337566075831724e-01 -8.279033884817617039e-01 2.369809388113174542e+00 -9.753591681762175947e-01
8.197327055386443018e-01 -9.478836986790717400e-01 2.575266245627489958e+00 -1.246526732840149476e+00
8.270135708616461745e-01 -7.058432706254000877e-01 2.598139758638009500e+00 -7.836128822912131753e-01
8.322053409301237714e-01 -4.383840706781763075e-01 2.614450185344265876e+00 -4.537999847130381736e-01
8.322025921627576039e-01 -1.201364722696809384e-01 2.614441549836902023e+00 -1.204273491483772718e-01
7.909886301357427207e-01 3.612400858615854027e-01 2.484964069507503481e+00 3.695974409474237499e-01
7.685639260840779752e-01 5.399125898684342673e-02 2.414514783999868186e+00 5.401752471384735355e-02
8.367362693579927235e-01 1.459766055006244123e-01 2.628684516807200389e+00 1.465000809085276190e-01
8.445312639927586851e-01 6.335260852614292837e-01 2.653173214686552761e+00 6.861020624102686094e-01
8.068950299252841685e-01 9.087631004529639345e-01 2.534935498231388973e+00 1.140310464167072269e+00
8.323100269255379047e-01 9.975562925942023096e-01 2.614779066098392946e+00 1.500872034317902948e+00
9.067388036113577243e-01 -9.953141639837854715e-01 2.848603964150239420e+00 -1.473951088339527482e+00
9.069329258722718112e-01 -8.476201124546063337e-01 2.849213817219025557e+00 -1.011483847882375553e+00
9.231610376549146402e-01 -7.063988175513484791e-01 2.900195933977010032e+00 -7.843974521673016120e-01
9.151538076243725950e-01 -4.479981427330730348e-01 2.875040478937455735e+00 -4.645249520184417946e-01
9.663869056416394265e-01 -2.884494246700437525e-01 3.035994003289146814e+00 -2.926070337764653528e-01
8.959882061297581579e-01 -1.354920692922179093e-02 2.814829966080345525e+00 -1.354962152631837904e-02
8.970324192348255732e-01 -2.268236232062634805e-01 2.818110458300007615e+00 -2.288150555939850173e-01
9.044775838303551474e-01 2.792162704270977347e-01 2.841500132698089764e+00 2.829778213184268587e-01
9.702727293759449978e-01 2.688180403485285197e-02 3.048201678585986230e+00 2.688504269401833374e-02
9.291841730252246023e-01 5.311914732397757799e-01 2.919118171807952855e+00 5.600062263763537773e-01
8.898226493152965322e-01 7.798531317287931142e-01 2.795460298086742235e+00 8.944311550354566709e-01
