-9.700204897474573595e-01 -8.912480690473654210e-01 -3.047409244422185193e+00 -1.100089755123196511e+00
-9.254539971988544611e-01 -5.045139324297112093e-01 -2.907399478835229978e+00 -5.288189058230907680e-01
-8.913690964248563997e-01 -7.023928570183417541e-01 -2.800318604965300828e+00 -7.787536934251770848e-01
-9.331161941817331940e-01 -6.120439227803409210e-02 -2.931470980587000064e+00 -6.124266854922541525e-02
-9.683113400895173584e-01 2.545250090104058671e-01 -3.042039792412915666e+00 2.573565044473442587e-01
-8.507119824268782882e-01 1.482465548581239911e-01 -2.672590514313089916e+00 1.487949997361204812e-01
-9.900360526385738602e-01 6.485841914714622902e-01 -3.110289989758381335e+00 7.057228504944742520e-01
-8.561822679846053941e-01 6.001054414255457825e-01 -2.689775923234283717e+00 6.436329170906335273e-01
-7.752319376200678125e-01 -6.273200968260943533e-01 -2.435462960055385651e+00 -6.781071845348435323e-01
-7.096937857089453683e-01 -7.936759935945087996e-01 -2.229568783481551630e+00 -9.168280565068749333e-01
-7.650383814559038598e-01 -9.719059520140183039e-03 -2.403438958896093158e+00 -9.719212537229359600e-03
-7.110596197628926696e-01 -4.463178389578270622e-01 -2.233859677711455216e+00 -4.626463731920386624e-01
-7.867956076078179706e-01 -2.987934265231875219e-01 -2.471791300737438579e+00 -3.034280724554869746e-01
-7.525552598887115252e-01 5.265200911395493399e-01 -2.364222075886733609e+00 5.545021254818954803e-01
-8.198853932369580821e-01 8.439208437422580644e-01 -2.575745928178806210e+00 1.004550376884780327e+00
-5.899024312766538714e-01 -9.622822275251163848e-01 -1.853233144433493518e+00 -1.295270314735138095e+00
-5.847492253058559353e-01 -6.058446325911499564e-01 -1.837043870413199720e+00 -6.508270912299655153e-01
-6.243580407346636107e-01 -2.480074584229363666e-01 -1.961478633981736053e+00 -2.506229120327981841e-01
-5.329723220673314721e-01 -2.135800146975084246e-01 -1.674381931573421634e+00 -2.152380737615302575e-01
-6.643298099943053536e-01 5.743910737392199373e-02 -2.087053650638812652e+00 5.747073869759264375e-02
-6.555222837133871661e-01 3.651337175888045294e-01 -2.059383990778381079e+00 3.737764338747198156e-01
-5.352271092337295144e-01 2.264467643069165703e-01 -1.681465554370786375e+00 2.284281287457797238e-01
-5.929492698418974417e-01 6.022426066225992081e-01 -1.862805070086736903e+00 6.463073238187160285e-01
-6.016144108261025636e-01 8.710004973166123321e-01 -1.890027413345035434e+00 1.057235161272758850e+00
-3.342185493837099841e-01 -6.497448380557477865e-01 -1.049978539437300684e+00 -7.072487164533447501e-01
-4.560499176552255118e-01 -5.624698768503577639e-01 -1.432723070975886470e+00 -5.973699835596552044e-01
-3.524463725108324397e-01 -1.446540192055933982e-01 -1.107242934664402823e+00 -1.451633051622328863e-01
-4.329359677432711440e-01 -3.090248416519911778e-01 -1.360108455737048194e+00 -3.141675164854145219e-01
-4.846285494232998037e-01 1.395643499819465561e-03 -1.522505490588116572e+00 1.395643952897097397e-03
-4.313619182770433991e-01 2.482821375810109199e-01 -1.355163433497560188e+00 2.509064597265844299e-01
-3.487108779220495780e-01 4.507815269430028859e-01 -1.095507532306758236e+00 4.676406743724061399e-01
-4.196845661342698541e-01 6.582875331481625736e-01 -1.318477949792441928e+00 7.185415940167058091e-01
-3.009836757303347987e-01 -8.878660141002754358e-01 -9.455681045248722771e-01 -1.092686138609733515e+00
-2.120127818773418493e-01 -5.348996163958903427e-01 -6.660577980129923636e-01 -5.643889336364935616e-01
-2.385318058600907065e-01 -2.345200915234486594e-01 -7.493697689375676818e-01 -2.367248621874098735e-01
-2.331114477891786940e-01 3.486381851526112463e-01 -7.323412118421643857e-01 3.561177317614555027e-01
-2.779120499831801983e-01 8.647808674681023433e-02 -8.730864545712383462e-01 8.658623825130523644e-02
-2.649659649971307651e-01 6.971083352177520620e-01 -8.324151290863163188e-01 7.713563487266097418e-01
-2.246395527558451288e-01 8.881954450248965571e-01 -7.057259686434598223e-01 1.093402629255739278e+00
-2.907224698157717668e-02 -9.457717864741848057e-01 -9.133315754067089509e-02 -1.239962400103110651e+00
-7.931037238082105922e-02 -9.997159568588711576e-01 -2.491608832250582772e-01 -1.546961201920104667e+00
-1.665063156988195736e-01 -7.583511954521329201e-01 -5.230950181757144657e-01 -8.607799415797545706e-01
-7.716538207920198289e-02 -6.170886185797257451e-01 -2.424221974514704225e-01 -6.650374706517819812e-01
-1.132049065642684038e-01 -2.674576166575204361e-01 -3.556437028126245847e-01 -2.707535564432613784e-01
-1.560408112987059503e-01 -4.055824135735641711e-02 -4.902166664362058168e-01 -4.056936911792049377e-02
-3.119034808077825183e-02 6.774139753884034221e-02 -9.798736839348146099e-02 6.779331453455884893e-02
-1.461487355508566122e-01 2.555623559364512687e-01 -4.591397939380085780e-01 2.584293302859888009e-01
-4.741373537167370422e-02 4.031035598683072596e-01 -1.489546427229006265e-01 4.149056199525816280e-01
-8.793118549663425654e-02 6.669161177402909146e-01 -2.762439663776675713e-01 7.300623800736619762e-01
9.469623792064174594e-02 -8.481409458757036557e-01 2.974970053740793041e-01 -1.012466205570169864e+00
4.928619354958430065e-02 -5.511788921137450448e-01 1.548371435787786743e-01 -5.837764635350409792e-01
1.338259021233985102e-01 -3.198214642519014994e-02 4.204264709708954717e-01 -3.198760113369115282e-02
4.377156435686280211e-02 -1.040183518618309488e-01 1.375124250196530229e-01 -1.042068476802143345e-01
7.564545496239705180e-02 2.985514273146885333e-01 2.376472055873241340e-01 3.031744990634162584e-01
1.113012787409273230e-02 8.524701370351321916e-01 3.496632796276470667e-02 1.020692286735265020e+00
9.818399729320548275e-02 5.502311038031695301e-01 3.084541245964144696e-01 5.826409795460079089e-01
2.602063412958262045e-01 -6.548972002166972839e-01 8.174623302324459662e-01 -7.140465831622849757e-01
2.721499738706549820e-01 -2.560350517737903786e-01 8.549843585867038520e-01 -2.589182939160702412e-01
1.768087137217997373e-01 -2.600135493797273156e-01 5.554609561190668732e-01 -2.630362348931619132e-01
1.936642074500563027e-01 3.754718869676991755e-01 6.084140513883865564e-01 3.849058607430536627e-01
2.979574808888894033e-01 6.933113211133390408e-02 9.360610330426560877e-01 6.938679614930887141e-02
2.075487009176366637e-01 1.188787255387981912e-01 6.520334740649524896e-01 1.191605233515707213e-01
2.384293448205754284e-01 7.100602011071261987e-01 7.490478780885473364e-01 7.895837014771077689e-01
2.453063628701177556e-01 9.056423265027755409e-01 7.706526674715938885e-01 1.132892048996513301e+00
3.578105328464267210e-01 -9.041622816324672574e-01 1.124094941367383527e+00 -1.129414632441996247e+00
4.410287790952289733e-01 -7.065458074327273241e-01 1.385532772427247039e+00 -7.846051410657333136e-01
4.548872236296148674e-01 -1.266445021650941527e-01 1.429070359966655435e+00 -1.269855074125568195e-01
3.563612085760077264e-01 -4.787078416519250368e-01 1.119541754886765883e+00 -4.991823711963226939e-01
3.920028331878848693e-01 9.925494063215345442e-02 1.231513220929444152e+00 9.941863642744697138e-02
3.528610575620414469e-01 4.748839246989016161e-01 1.108545706174834500e+00 4.948321305316220609e-01
4.366969795170909663e-01 8.297603695884585573e-01 1.371924022695745427e+00 9.786781942453527394e-01
5.698221027239873671e-01 -9.206543886713964842e-01 1.790148931770767060e+00 -1.169753477708585399e+00
6.180961016136996555e-01 -6.548863954071171278e-01 1.941806172042089162e+00 -7.140322858410504958e-01
6.342543691816360241e-01 -3.595020018514945015e-01 1.992568866728256172e+00 -3.677341610113065706e-01
5.090416167138192005e-01 -3.990673261885169243e-01 1.599201403439605595e+00 -4.104994412149412519e-01
5.563446416401258698e-01 4.096894516978122347e-02 1.747808239040665512e+00 4.098041458631061784e-02
5.576818023283436343e-01 2.987074141032128871e-01 1.752009053235439540e+00 3.033379439832463165e-01
6.462331904224181134e-01 2.342380153771761453e-01 2.030201443536962636e+00 2.364347037603036217e-01
6.281933944694506611e-01 6.943642724689758072e-01 1.973527753098861082e+00 7.675361072255709738e-01
7.163343588343289436e-01 -5.311190616269394482e-01 2.250430759227882493e+00 -5.599207622054075406e-01
7.136325061776447320e-01 -8.343548648139247348e-01 2.241942638770561214e+00 -9.869613858619041835e-01
8.158791666246092422e-01 -3.291268810733352090e-01 2.563159996084835246e+00 -3.353787917081773595e-01
7.128985412081902950e-01 -1.447277048052715287e-01 2.239636819814530888e+00 -1.452377744085468769e-01
8.032941806335365253e-01 3.532228859601882487e-01 2.523623096549750588e+00 3.610138231736015335e-01
7.262078854338589462e-01 1.211420693515021796e-01 2.281449357857989302e+00 1.214403447778532874e-01
8.257403024927056912e-01 7.850508156042423913e-02 2.594139668084097572e+00 7.858594445339307788e-02
7.245719953928950741e-01 4.997516558702876921e-01 2.276310057723216485e+00 5.233120362288027350e-01
7.666170285802527129e-01 7.079518906706807613e-01 2.408398425104558260e+00 7.865940440418164314e-01
8.684930974941407200e-01 -5.611286298709574627e-01 2.728451534781036525e+00 -5.957486972770258404e-01
8.707902135277194589e-01 -8.449754507763129752e-01 2.735668137636570574e+00 -1.006519262280130889e+00
9.883650233685592479e-01 -6.702815189528972262e-01 3.105040296479769868e+00 -7.345880734271806878e-01
9.354545841440522480e-01 -2.962322315072618562e-01 2.938817249313849356e+00 -3.007453991535142257e-01
9.294807036114751675e-01 4.076295614463143480e-02 2.920049750119282361e+00 4.077425334154996528e-02
9.295409603784807739e-01 3.252292415122974845e-01 2.920239052335836138e+00 3.312541386485540196e-01
8.849304583095924936e-01 7.881491762205883322e-01 2.780091026763264583e+00 9.077960789940359154e-01
9.671021622347051316e-01 9.508376183633098222e-01 3.038241048147353851e+00 1.255929463279866987e+00
