#1:Elevation(deg)   2:Azimuth(deg)      3:v(qapex=-1)       4:v(qapex=0)        5:v(qapex=60)       6:v(qapex=120)      7:End               
+2.7495e+01         +1.9054e+02         +1.5456e+01         +2.5714e+01         +1.7616e+01         +1.3910e+01         -1                  
+2.7495e+01         +1.9054e+02         +1.4743e+01         +2.5579e+01         +1.2546e+01         +1.5078e+01         -1                  
+2.7495e+01         +1.9054e+02         +2.2939e+01         +1.5035e+01         +1.5401e+01         +1.1275e+01         -1                  
+2.7495e+01         +1.9054e+02         +2.1480e+01         +1.4024e+01         +1.4812e+01         +1.3778e+01         -1                  
+2.7495e+01         +1.9054e+02         +1.3357e+01         +1.5551e+01         +1.3412e+01         +1.4517e+01         -1                  
+2.7495e+01         +1.9054e+02         +1.3439e+01         +1.6494e+01         +1.6830e+01         +1.2828e+01         -1                  
+2.7495e+01         +1.9054e+02         +2.1137e+01         +1.1962e+01         +2.3693e+01         +1.3807e+01         -1                  
+2.7495e+01         +1.9054e+02         +1.4908e+01         +1.1923e+01         +2.4144e+01         +1.4031e+01         -1                  
+2.7495e+01         +1.9054e+02         +1.4880e+01         +1.7106e+01         +1.2526e+01         +1.5410e+01         -1                  
+2.7495e+01         +1.9054e+02         +3.4040e+01         +2.2211e+01         +2.5661e+01         +1.3595e+01         -1                  
+2.7495e+01         +1.9054e+02         +2.1827e+01         +1.4693e+01         +1.4332e+01         +1.2909e+01         -1                  
+2.7495e+01         +1.9054e+02         +2.4055e+01         +1.8043e+01         +2.2239e+01         +1.1684e+01         -1                  
+2.7495e+01         +1.9054e+02         +1.6304e+01         +1.2169e+01         +2.0253e+01         +1.2720e+01         -1                  
+2.7495e+01         +1.9054e+02         +1.4669e+01         +1.9927e+01         +1.5500e+01         +1.4237e+01         -1                  
+2.7495e+01         +1.9054e+02         +1.5241e+01         +3.1739e+01         +3.2198e+01         +1.4924e+01         -1                  
+2.7495e+01         +1.9054e+02         +1.2575e+01         +2.1865e+01         +1.5794e+01         +1.1389e+01         -1                  
+2.7495e+01         +1.9054e+02         +1.4879e+01         +1.6775e+01         +1.7806e+01         +1.5122e+01         -1                  
+2.7495e+01         +1.9054e+02         +1.1769e+01         +1.1248e+01         +2.1929e+01         +1.5690e+01         -1                  
+2.7495e+01         +1.9054e+02         +1.9117e+01         +1.5564e+01         +1.3136e+01         +1.2886e+01         -1                  
+2.7495e+01         +1.9054e+02         +3.0020e+01         +1.4727e+01         +2.3082e+01         +1.6006e+01         -1                  
+1.0033e+01         +2.1193e+02         +1.5456e+01         +2.5714e+01         +1.7616e+01         +1.3910e+01         -1                  
+1.0033e+01         +2.1193e+02         +1.4743e+01         +2.5579e+01         +1.2546e+01         +1.5078e+01         -1                  
+1.0033e+01         +2.1193e+02         +2.2939e+01         +1.5035e+01         +1.5401e+01         +1.1275e+01         -1                  
+1.0033e+01         +2.1193e+02         +2.1480e+01         +1.4024e+01         +1.4812e+01         +1.3778e+01         -1                  
+1.0033e+01         +2.1193e+02         +1.3357e+01         +1.5551e+01         +1.3412e+01         +1.4517e+01         -1                  
+1.0033e+01         +2.1193e+02         +1.3439e+01         +1.6494e+01         +1.6830e+01         +1.2828e+01         -1                  
+1.0033e+01         +2.1193e+02         +2.1137e+01         +1.1962e+01         +2.3693e+01         +1.3807e+01         -1                  
+1.0033e+01         +2.1193e+02         +1.4908e+01         +1.1923e+01         +2.4144e+01         +1.4031e+01         -1                  
+1.0033e+01         +2.1193e+02         +1.4880e+01         +1.7106e+01         +1.2526e+01         +1.5410e+01         -1                  
+1.0033e+01         +2.1193e+02         +3.4040e+01         +2.2211e+01         +2.5661e+01         +1.3595e+01         -1                  
+1.0033e+01         +2.1193e+02         +2.1827e+01         +1.4693e+01         +1.4332e+01         +1.2909e+01         -1                  
+1.0033e+01         +2.1193e+02         +2.4055e+01         +1.8043e+01         +2.2239e+01         +1.1684e+01         -1                  
+1.0033e+01         +2.1193e+02         +1.6304e+01         +1.2169e+01         +2.0253e+01         +1.2720e+01         -1                  
+1.0033e+01         +2.1193e+02         +1.4669e+01         +1.9927e+01         +1.5500e+01         +1.4237e+01         -1                  
+1.0033e+01         +2.1193e+02         +1.5241e+01         +3.1739e+01         +3.2198e+01         +1.4924e+01         -1                  
+1.0033e+01         +2.1193e+02         +1.2575e+01         +2.1865e+01         +1.5794e+01         +1.1389e+01         -1                  
+1.0033e+01         +2.1193e+02         +1.4879e+01         +1.6775e+01         +1.7806e+01         +1.5122e+01         -1                  
+1.0033e+01         +2.1193e+02         +1.1769e+01         +1.1248e+01         +2.1929e+01         +1.5690e+01         -1                  
+1.0033e+01         +2.1193e+02         +1.9117e+01         +1.5564e+01         +1.3136e+01         +1.2886e+01         -1                  
+1.0033e+01         +2.1193e+02         +3.0020e+01         +1.4727e+01         +2.3082e+01         +1.6006e+01         -1                  
+5.1173e+01         +1.9153e+02         +1.5456e+01         +2.5714e+01         +1.7616e+01         +1.3910e+01         -1                  
+5.1173e+01         +1.9153e+02         +1.4743e+01         +2.5579e+01         +1.2546e+01         +1.5078e+01         -1                  
+5.1173e+01         +1.9153e+02         +2.2939e+01         +1.5035e+01         +1.5401e+01         +1.1275e+01         -1                  
+5.1173e+01         +1.9153e+02         +2.1480e+01         +1.4024e+01         +1.4812e+01         +1.3778e+01         -1                  
+5.1173e+01         +1.9153e+02         +1.3357e+01         +1.5551e+01         +1.3412e+01         +1.4517e+01         -1                  
+5.1173e+01         +1.9153e+02         +1.3439e+01         +1.6494e+01         +1.6830e+01         +1.2828e+01         -1                  
+5.1173e+01         +1.9153e+02         +2.1137e+01         +1.1962e+01         +2.3693e+01         +1.3807e+01         -1                  
+5.1173e+01         +1.9153e+02         +1.4908e+01         +1.1923e+01         +2.4144e+01         +1.4031e+01         -1                  
+5.1173e+01         +1.9153e+02         +1.4880e+01         +1.7106e+01         +1.2526e+01         +1.5410e+01         -1                  
+5.1173e+01         +1.9153e+02         +3.4040e+01         +2.2211e+01         +2.5661e+01         +1.3595e+01         -1                  
+5.1173e+01         +1.9153e+02         +2.1827e+01         +1.4693e+01         +1.4332e+01         +1.2909e+01         -1                  
+5.1173e+01         +1.9153e+02         +2.4055e+01         +1.8043e+01         +2.2239e+01         +1.1684e+01         -1                  
+5.1173e+01         +1.9153e+02         +1.6304e+01         +1.2169e+01         +2.0253e+01         +1.2720e+01         -1                  
+5.1173e+01         +1.9153e+02         +1.4669e+01         +1.9927e+01         +1.5500e+01         +1.4237e+01         -1                  
+5.1173e+01         +1.9153e+02         +1.5241e+01         +3.1739e+01         +3.2198e+01         +1.4924e+01         -1                  
+5.1173e+01         +1.9153e+02         +1.2575e+01         +2.1865e+01         +1.5794e+01         +1.1389e+01         -1                  
+5.1173e+01         +1.9153e+02         +1.4879e+01         +1.6775e+01         +1.7806e+01         +1.5122e+01         -1                  
+5.1173e+01         +1.9153e+02         +1.1769e+01         +1.1248e+01         +2.1929e+01         +1.5690e+01         -1                  
+5.1173e+01         +1.9153e+02         +1.9117e+01         +1.5564e+01         +1.3136e+01         +1.2886e+01         -1                  
+5.1173e+01         +1.9153e+02         +3.0020e+01         +1.4727e+01         +2.3082e+01         +1.6006e+01         -1                  
+2.5468e+01         +2.5664e+02         +1.5456e+01         +2.5714e+01         +1.7616e+01         +1.3910e+01         -1                  
+2.5468e+01         +2.5664e+02         +1.4743e+01         +2.5579e+01         +1.2546e+01         +1.5078e+01         -1                  
+2.5468e+01         +2.5664e+02         +2.2939e+01         +1.5035e+01         +1.5401e+01         +1.1275e+01         -1                  
+2.5468e+01         +2.5664e+02         +2.1480e+01         +1.4024e+01         +1.4812e+01         +1.3778e+01         -1                  
+2.5468e+01         +2.5664e+02         +1.3357e+01         +1.5551e+01         +1.3412e+01         +1.4517e+01         -1                  
+2.5468e+01         +2.5664e+02         +1.3439e+01         +1.6494e+01         +1.6830e+01         +1.2828e+01         -1                  
+2.5468e+01         +2.5664e+02         +2.1137e+01         +1.1962e+01         +2.3693e+01         +1.3807e+01         -1                  
+2.5468e+01         +2.5664e+02         +1.4908e+01         +1.1923e+01         +2.4144e+01         +1.4031e+01         -1                  
+2.5468e+01         +2.5664e+02         +1.4880e+01         +1.7106e+01         +1.2526e+01         +1.5410e+01         -1                  
+2.5468e+01         +2.5664e+02         +3.4040e+01         +2.2211e+01         +2.5661e+01         +1.3595e+01         -1                  
+2.5468e+01         +2.5664e+02         +2.1827e+01         +1.4693e+01         +1.4332e+01         +1.2909e+01         -1                  
+2.5468e+01         +2.5664e+02         +2.4055e+01         +1.8043e+01         +2.2239e+01         +1.1684e+01         -1                  
+2.5468e+01         +2.5664e+02         +1.6304e+01         +1.2169e+01         +2.0253e+01         +1.2720e+01         -1                  
+2.5468e+01         +2.5664e+02         +1.4669e+01         +1.9927e+01         +1.5500e+01         +1.4237e+01         -1                  
+2.5468e+01         +2.5664e+02         +1.5241e+01         +3.1739e+01         +3.2198e+01         +1.4924e+01         -1                  
+2.5468e+01         +2.5664e+02         +1.2575e+01         +2.1865e+01         +1.5794e+01         +1.1389e+01         -1                  
+2.5468e+01         +2.5664e+02         +1.4879e+01         +1.6775e+01         +1.7806e+01         +1.5122e+01         -1                  
+2.5468e+01         +2.5664e+02         +1.1769e+01         +1.1248e+01         +2.1929e+01         +1.5690e+01         -1                  
+2.5468e+01         +2.5664e+02         +1.9117e+01         +1.5564e+01         +1.3136e+01         +1.2886e+01         -1                  
+2.5468e+01         +2.5664e+02         +3.0020e+01         +1.4727e+01         +2.3082e+01         +1.6006e+01         -1                  
+3.0946e+01         +2.2344e+02         +1.5456e+01         +2.5714e+01         +1.7616e+01         +1.3910e+01         -1                  
+3.0946e+01         +2.2344e+02         +1.4743e+01         +2.5579e+01         +1.2546e+01         +1.5078e+01         -1                  
+3.0946e+01         +2.2344e+02         +2.2939e+01         +1.5035e+01         +1.5401e+01         +1.1275e+01         -1                  
+3.0946e+01         +2.2344e+02         +2.1480e+01         +1.4024e+01         +1.4812e+01         +1.3778e+01         -1                  
+3.0946e+01         +2.2344e+02         +1.3357e+01         +1.5551e+01         +1.3412e+01         +1.4517e+01         -1                  
+3.0946e+01         +2.2344e+02         +1.3439e+01         +1.6494e+01         +1.6830e+01         +1.2828e+01         -1                  
+3.0946e+01         +2.2344e+02         +2.1137e+01         +1.1962e+01         +2.3693e+01         +1.3807e+01         -1                  
+3.0946e+01         +2.2344e+02         +1.4908e+01         +1.1923e+01         +2.4144e+01         +1.4031e+01         -1                  
+3.0946e+01         +2.2344e+02         +1.4880e+01         +1.7106e+01         +1.2526e+01         +1.5410e+01         -1                  
+3.0946e+01         +2.2344e+02         +3.4040e+01         +2.2211e+01         +2.5661e+01         +1.3595e+01         -1                  
+3.0946e+01         +2.2344e+02         +2.1827e+01         +1.4693e+01         +1.4332e+01         +1.2909e+01         -1                  
+3.0946e+01         +2.2344e+02         +2.4055e+01         +1.8043e+01         +2.2239e+01         +1.1684e+01         -1                  
+3.0946e+01         +2.2344e+02         +1.6304e+01         +1.2169e+01         +2.0253e+01         +1.2720e+01         -1                  
+3.0946e+01         +2.2344e+02         +1.4669e+01         +1.9927e+01         +1.5500e+01         +1.4237e+01         -1                  
+3.0946e+01         +2.2344e+02         +1.5241e+01         +3.1739e+01         +3.2198e+01         +1.4924e+01         -1                  
+3.0946e+01         +2.2344e+02         +1.2575e+01         +2.1865e+01         +1.5794e+01         +1.1389e+01         -1                  
+3.0946e+01         +2.2344e+02         +1.4879e+01         +1.6775e+01         +1.7806e+01         +1.5122e+01         -1                  
+3.0946e+01         +2.2344e+02         +1.1769e+01         +1.1248e+01         +2.1929e+01         +1.5690e+01         -1                  
+3.0946e+01         +2.2344e+02         +1.9117e+01         +1.5564e+01         +1.3136e+01         +1.2886e+01         -1                  
+3.0946e+01         +2.2344e+02         +3.0020e+01         +1.4727e+01         +2.3082e+01         +1.6006e+01         -1                  
+5.0949e+01         +2.3499e+02         +1.5456e+01         +2.5714e+01         +1.7616e+01         +1.3910e+01         -1                  
+5.0949e+01         +2.3499e+02         +1.4743e+01         +2.5579e+01         +1.2546e+01         +1.5078e+01         -1                  
+5.0949e+01         +2.3499e+02         +2.2939e+01         +1.5035e+01         +1.5401e+01         +1.1275e+01         -1                  
+5.0949e+01         +2.3499e+02         +2.1480e+01         +1.4024e+01         +1.4812e+01         +1.3778e+01         -1                  
+5.0949e+01         +2.3499e+02         +1.3357e+01         +1.5551e+01         +1.3412e+01         +1.4517e+01         -1                  
+5.0949e+01         +2.3499e+02         +1.3439e+01         +1.6494e+01         +1.6830e+01         +1.2828e+01         -1                  
+5.0949e+01         +2.3499e+02         +2.1137e+01         +1.1962e+01         +2.3693e+01         +1.3807e+01         -1                  
+5.0949e+01         +2.3499e+02         +1.4908e+01         +1.1923e+01         +2.4144e+01         +1.4031e+01         -1                  
+5.0949e+01         +2.3499e+02         +1.4880e+01         +1.7106e+01         +1.2526e+01         +1.5410e+01         -1                  
+5.0949e+01         +2.3499e+02         +3.4040e+01         +2.2211e+01         +2.5661e+01         +1.3595e+01         -1                  
+5.0949e+01         +2.3499e+02         +2.1827e+01         +1.4693e+01         +1.4332e+01         +1.2909e+01         -1                  
+5.0949e+01         +2.3499e+02         +2.4055e+01         +1.8043e+01         +2.2239e+01         +1.1684e+01         -1                  
+5.0949e+01         +2.3499e+02         +1.6304e+01         +1.2169e+01         +2.0253e+01         +1.2720e+01         -1                  
+5.0949e+01         +2.3499e+02         +1.4669e+01         +1.9927e+01         +1.5500e+01         +1.4237e+01         -1                  
+5.0949e+01         +2.3499e+02         +1.5241e+01         +3.1739e+01         +3.2198e+01         +1.4924e+01         -1                  
+5.0949e+01         +2.3499e+02         +1.2575e+01         +2.1865e+01         +1.5794e+01         +1.1389e+01         -1                  
+5.0949e+01         +2.3499e+02         +1.4879e+01         +1.6775e+01         +1.7806e+01         +1.5122e+01         -1                  
+5.0949e+01         +2.3499e+02         +1.1769e+01         +1.1248e+01         +2.1929e+01         +1.5690e+01         -1                  
+5.0949e+01         +2.3499e+02         +1.9117e+01         +1.5564e+01         +1.3136e+01         +1.2886e+01         -1                  
+5.0949e+01         +2.3499e+02         +3.0020e+01         +1.4727e+01         +2.3082e+01         +1.6006e+01         -1                  
+8.4244e+00         +2.7789e+02         +1.5456e+01         +2.5714e+01         +1.7616e+01         +1.3910e+01         -1                  
+8.4244e+00         +2.7789e+02         +1.4743e+01         +2.5579e+01         +1.2546e+01         +1.5078e+01         -1                  
+8.4244e+00         +2.7789e+02         +2.2939e+01         +1.5035e+01         +1.5401e+01         +1.1275e+01         -1                  
+8.4244e+00         +2.7789e+02         +2.1480e+01         +1.4024e+01         +1.4812e+01         +1.3778e+01         -1                  
+8.4244e+00         +2.7789e+02         +1.3357e+01         +1.5551e+01         +1.3412e+01         +1.4517e+01         -1                  
+8.4244e+00         +2.7789e+02         +1.3439e+01         +1.6494e+01         +1.6830e+01         +1.2828e+01         -1                  
+8.4244e+00         +2.7789e+02         +2.1137e+01         +1.1962e+01         +2.3693e+01         +1.3807e+01         -1                  
+8.4244e+00         +2.7789e+02         +1.4908e+01         +1.1923e+01         +2.4144e+01         +1.4031e+01         -1                  
+8.4244e+00         +2.7789e+02         +1.4880e+01         +1.7106e+01         +1.2526e+01         +1.5410e+01         -1                  
+8.4244e+00         +2.7789e+02         +3.4040e+01         +2.2211e+01         +2.5661e+01         +1.3595e+01         -1                  
+8.4244e+00         +2.7789e+02         +2.1827e+01         +1.4693e+01         +1.4332e+01         +1.2909e+01         -1                  
+8.4244e+00         +2.7789e+02         +2.4055e+01         +1.8043e+01         +2.2239e+01         +1.1684e+01         -1                  
+8.4244e+00         +2.7789e+02         +1.6304e+01         +1.2169e+01         +2.0253e+01         +1.2720e+01         -1                  
+8.4244e+00         +2.7789e+02         +1.4669e+01         +1.9927e+01         +1.5500e+01         +1.4237e+01         -1                  
+8.4244e+00         +2.7789e+02         +1.5241e+01         +3.1739e+01         +3.2198e+01         +1.4924e+01         -1                  
+8.4244e+00         +2.7789e+02         +1.2575e+01         +2.1865e+01         +1.5794e+01         +1.1389e+01         -1                  
+8.4244e+00         +2.7789e+02         +1.4879e+01         +1.6775e+01         +1.7806e+01         +1.5122e+01         -1                  
+8.4244e+00         +2.7789e+02         +1.1769e+01         +1.1248e+01         +2.1929e+01         +1.5690e+01         -1                  
+8.4244e+00         +2.7789e+02         +1.9117e+01         +1.5564e+01         +1.3136e+01         +1.2886e+01         -1                  
+8.4244e+00         +2.7789e+02         +3.0020e+01         +1.4727e+01         +2.3082e+01         +1.6006e+01         -1                  
+3.6377e+01         +2.8169e+02         +1.5456e+01         +2.5714e+01         +1.7616e+01         +1.3910e+01         -1                  
+3.6377e+01         +2.8169e+02         +1.4743e+01         +2.5579e+01         +1.2546e+01         +1.5078e+01         -1                  
+3.6377e+01         +2.8169e+02         +2.2939e+01         +1.5035e+01         +1.5401e+01         +1.1275e+01         -1                  
+3.6377e+01         +2.8169e+02         +2.1480e+01         +1.4024e+01         +1.4812e+01         +1.3778e+01         -1                  
+3.6377e+01         +2.8169e+02         +1.3357e+01         +1.5551e+01         +1.3412e+01         +1.4517e+01         -1                  
+3.6377e+01         +2.8169e+02         +1.3439e+01         +1.6494e+01         +1.6830e+01         +1.2828e+01         -1                  
+3.6377e+01         +2.8169e+02         +2.1137e+01         +1.1962e+01         +2.3693e+01         +1.3807e+01         -1                  
+3.6377e+01         +2.8169e+02         +1.4908e+01         +1.1923e+01         +2.4144e+01         +1.4031e+01         -1                  
+3.6377e+01         +2.8169e+02         +1.4880e+01         +1.7106e+01         +1.2526e+01         +1.5410e+01         -1                  
+3.6377e+01         +2.8169e+02         +3.4040e+01         +2.2211e+01         +2.5661e+01         +1.3595e+01         -1                  
+3.6377e+01         +2.8169e+02         +2.1827e+01         +1.4693e+01         +1.4332e+01         +1.2909e+01         -1                  
+3.6377e+01         +2.8169e+02         +2.4055e+01         +1.8043e+01         +2.2239e+01         +1.1684e+01         -1                  
+3.6377e+01         +2.8169e+02         +1.6304e+01         +1.2169e+01         +2.0253e+01         +1.2720e+01         -1                  
+3.6377e+01         +2.8169e+02         +1.4669e+01         +1.9927e+01         +1.5500e+01         +1.4237e+01         -1                  
+3.6377e+01         +2.8169e+02         +1.5241e+01         +3.1739e+01         +3.2198e+01         +1.4924e+01         -1                  
+3.6377e+01         +2.8169e+02         +1.2575e+01         +2.1865e+01         +1.5794e+01         +1.1389e+01         -1                  
+3.6377e+01         +2.8169e+02         +1.4879e+01         +1.6775e+01         +1.7806e+01         +1.5122e+01         -1                  
+3.6377e+01         +2.8169e+02         +1.1769e+01         +1.1248e+01         +2.1929e+01         +1.5690e+01         -1                  
+3.6377e+01         +2.8169e+02         +1.9117e+01         +1.5564e+01         +1.3136e+01         +1.2886e+01         -1                  
+3.6377e+01         +2.8169e+02         +3.0020e+01         +1.4727e+01         +2.3082e+01         +1.6006e+01         -1                  
+5.5276e+01         +2.6932e+02         +1.5456e+01         +2.5714e+01         +1.7616e+01         +1.3910e+01         -1                  
+5.5276e+01         +2.6932e+02         +1.4743e+01         +2.5579e+01         +1.2546e+01         +1.5078e+01         -1                  
+5.5276e+01         +2.6932e+02         +2.2939e+01         +1.5035e+01         +1.5401e+01         +1.1275e+01         -1                  
+5.5276e+01         +2.6932e+02         +2.1480e+01         +1.4024e+01         +1.4812e+01         +1.3778e+01         -1                  
+5.5276e+01         +2.6932e+02         +1.3357e+01         +1.5551e+01         +1.3412e+01         +1.4517e+01         -1                  
+5.5276e+01         +2.6932e+02         +1.3439e+01         +1.6494e+01         +1.6830e+01         +1.2828e+01         -1                  
+5.5276e+01         +2.6932e+02         +2.1137e+01         +1.1962e+01         +2.3693e+01         +1.3807e+01         -1                  
+5.5276e+01         +2.6932e+02         +1.4908e+01         +1.1923e+01         +2.4144e+01         +1.4031e+01         -1                  
+5.5276e+01         +2.6932e+02         +1.4880e+01         +1.7106e+01         +1.2526e+01         +1.5410e+01         -1                  
+5.5276e+01         +2.6932e+02         +3.4040e+01         +2.2211e+01         +2.5661e+01         +1.3595e+01         -1                  
+5.5276e+01         +2.6932e+02         +2.1827e+01         +1.4693e+01         +1.4332e+01         +1.2909e+01         -1                  
+5.5276e+01         +2.6932e+02         +2.4055e+01         +1.8043e+01         +2.2239e+01         +1.1684e+01         -1                  
+5.5276e+01         +2.6932e+02         +1.6304e+01         +1.2169e+01         +2.0253e+01         +1.2720e+01         -1                  
+5.5276e+01         +2.6932e+02         +1.4669e+01         +1.9927e+01         +1.5500e+01         +1.4237e+01         -1                  
+5.5276e+01         +2.6932e+02         +1.5241e+01         +3.1739e+01         +3.2198e+01         +1.4924e+01         -1                  
+5.5276e+01         +2.6932e+02         +1.2575e+01         +2.1865e+01         +1.5794e+01         +1.1389e+01         -1                  
+5.5276e+01         +2.6932e+02         +1.4879e+01         +1.6775e+01         +1.7806e+01         +1.5122e+01         -1                  
+5.5276e+01         +2.6932e+02         +1.1769e+01         +1.1248e+01         +2.1929e+01         +1.5690e+01         -1                  
+5.5276e+01         +2.6932e+02         +1.9117e+01         +1.5564e+01         +1.3136e+01         +1.2886e+01         -1                  
+5.5276e+01         +2.6932e+02         +3.0020e+01         +1.4727e+01         +2.3082e+01         +1.6006e+01         -1                  
+7.7495e+01         +2.8039e+02         +1.5456e+01         +2.5714e+01         +1.7616e+01         +1.3910e+01         -1                  
+7.7495e+01         +2.8039e+02         +1.4743e+01         +2.5579e+01         +1.2546e+01         +1.5078e+01         -1                  
+7.7495e+01         +2.8039e+02         +2.2939e+01         +1.5035e+01         +1.5401e+01         +1.1275e+01         -1                  
+7.7495e+01         +2.8039e+02         +2.1480e+01         +1.4024e+01         +1.4812e+01         +1.3778e+01         -1                  
+7.7495e+01         +2.8039e+02         +1.3357e+01         +1.5551e+01         +1.3412e+01         +1.4517e+01         -1                  
+7.7495e+01         +2.8039e+02         +1.3439e+01         +1.6494e+01         +1.6830e+01         +1.2828e+01         -1                  
+7.7495e+01         +2.8039e+02         +2.1137e+01         +1.1962e+01         +2.3693e+01         +1.3807e+01         -1                  
+7.7495e+01         +2.8039e+02         +1.4908e+01         +1.1923e+01         +2.4144e+01         +1.4031e+01         -1                  
+7.7495e+01         +2.8039e+02         +1.4880e+01         +1.7106e+01         +1.2526e+01         +1.5410e+01         -1                  
+7.7495e+01         +2.8039e+02         +3.4040e+01         +2.2211e+01         +2.5661e+01         +1.3595e+01         -1                  
+7.7495e+01         +2.8039e+02         +2.1827e+01         +1.4693e+01         +1.4332e+01         +1.2909e+01         -1                  
+7.7495e+01         +2.8039e+02         +2.4055e+01         +1.8043e+01         +2.2239e+01         +1.1684e+01         -1                  
+7.7495e+01         +2.8039e+02         +1.6304e+01         +1.2169e+01         +2.0253e+01         +1.2720e+01         -1                  
+7.7495e+01         +2.8039e+02         +1.4669e+01         +1.9927e+01         +1.5500e+01         +1.4237e+01         -1                  
+7.7495e+01         +2.8039e+02         +1.5241e+01         +3.1739e+01         +3.2198e+01         +1.4924e+01         -1                  
+7.7495e+01         +2.8039e+02         +1.2575e+01         +2.1865e+01         +1.5794e+01         +1.1389e+01         -1                  
+7.7495e+01         +2.8039e+02         +1.4879e+01         +1.6775e+01         +1.7806e+01         +1.5122e+01         -1                  
+7.7495e+01         +2.8039e+02         +1.1769e+01         +1.1248e+01         +2.1929e+01         +1.5690e+01         -1                  
+7.7495e+01         +2.8039e+02         +1.9117e+01         +1.5564e+01         +1.3136e+01         +1.2886e+01         -1                  
+7.7495e+01         +2.8039e+02         +3.0020e+01         +1.4727e+01         +2.3082e+01         +1.6006e+01         -1                  
+3.1151e+01         +3.3762e+02         +1.5456e+01         +2.5714e+01         +1.7616e+01         +1.3910e+01         -1                  
+3.1151e+01         +3.3762e+02         +1.4743e+01         +2.5579e+01         +1.2546e+01         +1.5078e+01         -1                  
+3.1151e+01         +3.3762e+02         +2.2939e+01         +1.5035e+01         +1.5401e+01         +1.1275e+01         -1                  
+3.1151e+01         +3.3762e+02         +2.1480e+01         +1.4024e+01         +1.4812e+01         +1.3778e+01         -1                  
+3.1151e+01         +3.3762e+02         +1.3357e+01         +1.5551e+01         +1.3412e+01         +1.4517e+01         -1                  
+3.1151e+01         +3.3762e+02         +1.3439e+01         +1.6494e+01         +1.6830e+01         +1.2828e+01         -1                  
+3.1151e+01         +3.3762e+02         +2.1137e+01         +1.1962e+01         +2.3693e+01         +1.3807e+01         -1                  
+3.1151e+01         +3.3762e+02         +1.4908e+01         +1.1923e+01         +2.4144e+01         +1.4031e+01         -1                  
+3.1151e+01         +3.3762e+02         +1.4880e+01         +1.7106e+01         +1.2526e+01         +1.5410e+01         -1                  
+3.1151e+01         +3.3762e+02         +3.4040e+01         +2.2211e+01         +2.5661e+01         +1.3595e+01         -1                  
+3.1151e+01         +3.3762e+02         +2.1827e+01         +1.4693e+01         +1.4332e+01         +1.2909e+01         -1                  
+3.1151e+01         +3.3762e+02         +2.4055e+01         +1.8043e+01         +2.2239e+01         +1.1684e+01         -1                  
+3.1151e+01         +3.3762e+02         +1.6304e+01         +1.2169e+01         +2.0253e+01         +1.2720e+01         -1                  
+3.1151e+01         +3.3762e+02         +1.4669e+01         +1.9927e+01         +1.5500e+01         +1.4237e+01         -1                  
+3.1151e+01         +3.3762e+02         +1.5241e+01         +3.1739e+01         +3.2198e+01         +1.4924e+01         -1                  
+3.1151e+01         +3.3762e+02         +1.2575e+01         +2.1865e+01         +1.5794e+01         +1.1389e+01         -1                  
+3.1151e+01         +3.3762e+02         +1.4879e+01         +1.6775e+01         +1.7806e+01         +1.5122e+01         -1                  
+3.1151e+01         +3.3762e+02         +1.1769e+01         +1.1248e+01         +2.1929e+01         +1.5690e+01         -1                  
+3.1151e+01         +3.3762e+02         +1.9117e+01         +1.5564e+01         +1.3136e+01         +1.2886e+01         -1                  
+3.1151e+01         +3.3762e+02         +3.0020e+01         +1.4727e+01         +2.3082e+01         +1.6006e+01         -1                  
+1.7532e+01         +3.1771e+02         +1.5456e+01         +2.5714e+01         +1.7616e+01         +1.3910e+01         -1                  
+1.7532e+01         +3.1771e+02         +1.4743e+01         +2.5579e+01         +1.2546e+01         +1.5078e+01         -1                  
+1.7532e+01         +3.1771e+02         +2.2939e+01         +1.5035e+01         +1.5401e+01         +1.1275e+01         -1                  
+1.7532e+01         +3.1771e+02         +2.1480e+01         +1.4024e+01         +1.4812e+01         +1.3778e+01         -1                  
+1.7532e+01         +3.1771e+02         +1.3357e+01         +1.5551e+01         +1.3412e+01         +1.4517e+01         -1                  
+1.7532e+01         +3.1771e+02         +1.3439e+01         +1.6494e+01         +1.6830e+01         +1.2828e+01         -1                  
+1.7532e+01         +3.1771e+02         +2.1137e+01         +1.1962e+01         +2.3693e+01         +1.3807e+01         -1                  
+1.7532e+01         +3.1771e+02         +1.4908e+01         +1.1923e+01         +2.4144e+01         +1.4031e+01         -1                  
+1.7532e+01         +3.1771e+02         +1.4880e+01         +1.7106e+01         +1.2526e+01         +1.5410e+01         -1                  
+1.7532e+01         +3.1771e+02         +3.4040e+01         +2.2211e+01         +2.5661e+01         +1.3595e+01         -1                  
+1.7532e+01         +3.1771e+02         +2.1827e+01         +1.4693e+01         +1.4332e+01         +1.2909e+01         -1                  
+1.7532e+01         +3.1771e+02         +2.4055e+01         +1.8043e+01         +2.2239e+01         +1.1684e+01         -1                  
+1.7532e+01         +3.1771e+02         +1.6304e+01         +1.2169e+01         +2.0253e+01         +1.2720e+01         -1                  
+1.7532e+01         +3.1771e+02         +1.4669e+01         +1.9927e+01         +1.5500e+01         +1.4237e+01         -1                  
+1.7532e+01         +3.1771e+02         +1.5241e+01         +3.1739e+01         +3.2198e+01         +1.4924e+01         -1                  
+1.7532e+01         +3.1771e+02         +1.2575e+01         +2.1865e+01         +1.5794e+01         +1.1389e+01         -1                  
+1.7532e+01         +3.1771e+02         +1.4879e+01         +1.6775e+01         +1.7806e+01         +1.5122e+01         -1                  
+1.7532e+01         +3.1771e+02         +1.1769e+01         +1.1248e+01         +2.1929e+01         +1.5690e+01         -1                  
+1.7532e+01         +3.1771e+02         +1.9117e+01         +1.5564e+01         +1.3136e+01         +1.2886e+01         -1                  
+1.7532e+01         +3.1771e+02         +3.0020e+01         +1.4727e+01         +2.3082e+01         +1.6006e+01         -1                  
+4.4034e+01         +3.0702e+02         +1.5456e+01         +2.5714e+01         +1.7616e+01         +1.3910e+01         -1                  
+4.4034e+01         +3.0702e+02         +1.4743e+01         +2.5579e+01         +1.2546e+01         +1.5078e+01         -1                  
+4.4034e+01         +3.0702e+02         +2.2939e+01         +1.5035e+01         +1.5401e+01         +1.1275e+01         -1                  
+4.4034e+01         +3.0702e+02         +2.1480e+01         +1.4024e+01         +1.4812e+01         +1.3778e+01         -1                  
+4.4034e+01         +3.0702e+02         +1.3357e+01         +1.5551e+01         +1.3412e+01         +1.4517e+01         -1                  
+4.4034e+01         +3.0702e+02         +1.3439e+01         +1.6494e+01         +1.6830e+01         +1.2828e+01         -1                  
+4.4034e+01         +3.0702e+02         +2.1137e+01         +1.1962e+01         +2.3693e+01         +1.3807e+01         -1                  
+4.4034e+01         +3.0702e+02         +1.4908e+01         +1.1923e+01         +2.4144e+01         +1.4031e+01         -1                  
+4.4034e+01         +3.0702e+02         +1.4880e+01         +1.7106e+01         +1.2526e+01         +1.5410e+01         -1                  
+4.4034e+01         +3.0702e+02         +3.4040e+01         +2.2211e+01         +2.5661e+01         +1.3595e+01         -1                  
+4.4034e+01         +3.0702e+02         +2.1827e+01         +1.4693e+01         +1.4332e+01         +1.2909e+01         -1                  
+4.4034e+01         +3.0702e+02         +2.4055e+01         +1.8043e+01         +2.2239e+01         +1.1684e+01         -1                  
+4.4034e+01         +3.0702e+02         +1.6304e+01         +1.2169e+01         +2.0253e+01         +1.2720e+01         -1                  
+4.4034e+01         +3.0702e+02         +1.4669e+01         +1.9927e+01         +1.5500e+01         +1.4237e+01         -1                  
+4.4034e+01         +3.0702e+02         +1.5241e+01         +3.1739e+01         +3.2198e+01         +1.4924e+01         -1                  
+4.4034e+01         +3.0702e+02         +1.2575e+01         +2.1865e+01         +1.5794e+01         +1.1389e+01         -1                  
+4.4034e+01         +3.0702e+02         +1.4879e+01         +1.6775e+01         +1.7806e+01         +1.5122e+01         -1                  
+4.4034e+01         +3.0702e+02         +1.1769e+01         +1.1248e+01         +2.1929e+01         +1.5690e+01         -1                  
+4.4034e+01         +3.0702e+02         +1.9117e+01         +1.5564e+01         +1.3136e+01         +1.2886e+01         -1                  
+4.4034e+01         +3.0702e+02         +3.0020e+01         +1.4727e+01         +2.3082e+01         +1.6006e+01         -1                  
+2.4176e+01         +1.9150e+01         +1.5456e+01         +2.5714e+01         +1.7616e+01         +1.3910e+01         -1                  
+2.4176e+01         +1.9150e+01         +1.4743e+01         +2.5579e+01         +1.2546e+01         +1.5078e+01         -1                  
+2.4176e+01         +1.9150e+01         +2.2939e+01         +1.5035e+01         +1.5401e+01         +1.1275e+01         -1                  
+2.4176e+01         +1.9150e+01         +2.1480e+01         +1.4024e+01         +1.4812e+01         +1.3778e+01         -1                  
+2.4176e+01         +1.9150e+01         +1.3357e+01         +1.5551e+01         +1.3412e+01         +1.4517e+01         -1                  
+2.4176e+01         +1.9150e+01         +1.3439e+01         +1.6494e+01         +1.6830e+01         +1.2828e+01         -1                  
+2.4176e+01         +1.9150e+01         +2.1137e+01         +1.1962e+01         +2.3693e+01         +1.3807e+01         -1                  
+2.4176e+01         +1.9150e+01         +1.4908e+01         +1.1923e+01         +2.4144e+01         +1.4031e+01         -1                  
+2.4176e+01         +1.9150e+01         +1.4880e+01         +1.7106e+01         +1.2526e+01         +1.5410e+01         -1                  
+2.4176e+01         +1.9150e+01         +3.4040e+01         +2.2211e+01         +2.5661e+01         +1.3595e+01         -1                  
+2.4176e+01         +1.9150e+01         +2.1827e+01         +1.4693e+01         +1.4332e+01         +1.2909e+01         -1                  
+2.4176e+01         +1.9150e+01         +2.4055e+01         +1.8043e+01         +2.2239e+01         +1.1684e+01         -1                  
+2.4176e+01         +1.9150e+01         +1.6304e+01         +1.2169e+01         +2.0253e+01         +1.2720e+01         -1                  
+2.4176e+01         +1.9150e+01         +1.4669e+01         +1.9927e+01         +1.5500e+01         +1.4237e+01         -1                  
+2.4176e+01         +1.9150e+01         +1.5241e+01         +3.1739e+01         +3.2198e+01         +1.4924e+01         -1                  
+2.4176e+01         +1.9150e+01         +1.2575e+01         +2.1865e+01         +1.5794e+01         +1.1389e+01         -1                  
+2.4176e+01         +1.9150e+01         +1.4879e+01         +1.6775e+01         +1.7806e+01         +1.5122e+01         -1                  
+2.4176e+01         +1.9150e+01         +1.1769e+01         +1.1248e+01         +2.1929e+01         +1.5690e+01         -1                  
+2.4176e+01         +1.9150e+01         +1.9117e+01         +1.5564e+01         +1.3136e+01         +1.2886e+01         -1                  
+2.4176e+01         +1.9150e+01         +3.0020e+01         +1.4727e+01         +2.3082e+01         +1.6006e+01         -1                  
+1.4576e+01         +3.5936e+02         +1.5456e+01         +2.5714e+01         +1.7616e+01         +1.3910e+01         -1                  
+1.4576e+01         +3.5936e+02         +1.4743e+01         +2.5579e+01         +1.2546e+01         +1.5078e+01         -1                  
+1.4576e+01         +3.5936e+02         +2.2939e+01         +1.5035e+01         +1.5401e+01         +1.1275e+01         -1                  
+1.4576e+01         +3.5936e+02         +2.1480e+01         +1.4024e+01         +1.4812e+01         +1.3778e+01         -1                  
+1.4576e+01         +3.5936e+02         +1.3357e+01         +1.5551e+01         +1.3412e+01         +1.4517e+01         -1                  
+1.4576e+01         +3.5936e+02         +1.3439e+01         +1.6494e+01         +1.6830e+01         +1.2828e+01         -1                  
+1.4576e+01         +3.5936e+02         +2.1137e+01         +1.1962e+01         +2.3693e+01         +1.3807e+01         -1                  
+1.4576e+01         +3.5936e+02         +1.4908e+01         +1.1923e+01         +2.4144e+01         +1.4031e+01         -1                  
+1.4576e+01         +3.5936e+02         +1.4880e+01         +1.7106e+01         +1.2526e+01         +1.5410e+01         -1                  
+1.4576e+01         +3.5936e+02         +3.4040e+01         +2.2211e+01         +2.5661e+01         +1.3595e+01         -1                  
+1.4576e+01         +3.5936e+02         +2.1827e+01         +1.4693e+01         +1.4332e+01         +1.2909e+01         -1                  
+1.4576e+01         +3.5936e+02         +2.4055e+01         +1.8043e+01         +2.2239e+01         +1.1684e+01         -1                  
+1.4576e+01         +3.5936e+02         +1.6304e+01         +1.2169e+01         +2.0253e+01         +1.2720e+01         -1                  
+1.4576e+01         +3.5936e+02         +1.4669e+01         +1.9927e+01         +1.5500e+01         +1.4237e+01         -1                  
+1.4576e+01         +3.5936e+02         +1.5241e+01         +3.1739e+01         +3.2198e+01         +1.4924e+01         -1                  
+1.4576e+01         +3.5936e+02         +1.2575e+01         +2.1865e+01         +1.5794e+01         +1.1389e+01         -1                  
+1.4576e+01         +3.5936e+02         +1.4879e+01         +1.6775e+01         +1.7806e+01         +1.5122e+01         -1                  
+1.4576e+01         +3.5936e+02         +1.1769e+01         +1.1248e+01         +2.1929e+01         +1.5690e+01         -1                  
+1.4576e+01         +3.5936e+02         +1.9117e+01         +1.5564e+01         +1.3136e+01         +1.2886e+01         -1                  
+1.4576e+01         +3.5936e+02         +3.0020e+01         +1.4727e+01         +2.3082e+01         +1.6006e+01         -1                  
+5.2984e+01         +3.4407e+02         +1.5456e+01         +2.5714e+01         +1.7616e+01         +1.3910e+01         -1                  
+5.2984e+01         +3.4407e+02         +1.4743e+01         +2.5579e+01         +1.2546e+01         +1.5078e+01         -1                  
+5.2984e+01         +3.4407e+02         +2.2939e+01         +1.5035e+01         +1.5401e+01         +1.1275e+01         -1                  
+5.2984e+01         +3.4407e+02         +2.1480e+01         +1.4024e+01         +1.4812e+01         +1.3778e+01         -1                  
+5.2984e+01         +3.4407e+02         +1.3357e+01         +1.5551e+01         +1.3412e+01         +1.4517e+01         -1                  
+5.2984e+01         +3.4407e+02         +1.3439e+01         +1.6494e+01         +1.6830e+01         +1.2828e+01         -1                  
+5.2984e+01         +3.4407e+02         +2.1137e+01         +1.1962e+01         +2.3693e+01         +1.3807e+01         -1                  
+5.2984e+01         +3.4407e+02         +1.4908e+01         +1.1923e+01         +2.4144e+01         +1.4031e+01         -1                  
+5.2984e+01         +3.4407e+02         +1.4880e+01         +1.7106e+01         +1.2526e+01         +1.5410e+01         -1                  
+5.2984e+01         +3.4407e+02         +3.4040e+01         +2.2211e+01         +2.5661e+01         +1.3595e+01         -1                  
+5.2984e+01         +3.4407e+02         +2.1827e+01         +1.4693e+01         +1.4332e+01         +1.2909e+01         -1                  
+5.2984e+01         +3.4407e+02         +2.4055e+01         +1.8043e+01         +2.2239e+01         +1.1684e+01         -1                  
+5.2984e+01         +3.4407e+02         +1.6304e+01         +1.2169e+01         +2.0253e+01         +1.2720e+01         -1                  
+5.2984e+01         +3.4407e+02         +1.4669e+01         +1.9927e+01         +1.5500e+01         +1.4237e+01         -1                  
+5.2984e+01         +3.4407e+02         +1.5241e+01         +3.1739e+01         +3.2198e+01         +1.4924e+01         -1                  
+5.2984e+01         +3.4407e+02         +1.2575e+01         +2.1865e+01         +1.5794e+01         +1.1389e+01         -1                  
+5.2984e+01         +3.4407e+02         +1.4879e+01         +1.6775e+01         +1.7806e+01         +1.5122e+01         -1                  
+5.2984e+01         +3.4407e+02         +1.1769e+01         +1.1248e+01         +2.1929e+01         +1.5690e+01         -1                  
+5.2984e+01         +3.4407e+02         +1.9117e+01         +1.5564e+01         +1.3136e+01         +1.2886e+01         -1                  
+5.2984e+01         +3.4407e+02         +3.0020e+01         +1.4727e+01         +2.3082e+01         +1.6006e+01         -1                  
+3.4018e+00         +2.0575e+01         +1.5456e+01         +2.5714e+01         +1.7616e+01         +1.3910e+01         -1                  
+3.4018e+00         +2.0575e+01         +1.4743e+01         +2.5579e+01         +1.2546e+01         +1.5078e+01         -1                  
+3.4018e+00         +2.0575e+01         +2.2939e+01         +1.5035e+01         +1.5401e+01         +1.1275e+01         -1                  
+3.4018e+00         +2.0575e+01         +2.1480e+01         +1.4024e+01         +1.4812e+01         +1.3778e+01         -1                  
+3.4018e+00         +2.0575e+01         +1.3357e+01         +1.5551e+01         +1.3412e+01         +1.4517e+01         -1                  
+3.4018e+00         +2.0575e+01         +1.3439e+01         +1.6494e+01         +1.6830e+01         +1.2828e+01         -1                  
+3.4018e+00         +2.0575e+01         +2.1137e+01         +1.1962e+01         +2.3693e+01         +1.3807e+01         -1                  
+3.4018e+00         +2.0575e+01         +1.4908e+01         +1.1923e+01         +2.4144e+01         +1.4031e+01         -1                  
+3.4018e+00         +2.0575e+01         +1.4880e+01         +1.7106e+01         +1.2526e+01         +1.5410e+01         -1                  
+3.4018e+00         +2.0575e+01         +3.4040e+01         +2.2211e+01         +2.5661e+01         +1.3595e+01         -1                  
+3.4018e+00         +2.0575e+01         +2.1827e+01         +1.4693e+01         +1.4332e+01         +1.2909e+01         -1                  
+3.4018e+00         +2.0575e+01         +2.4055e+01         +1.8043e+01         +2.2239e+01         +1.1684e+01         -1                  
+3.4018e+00         +2.0575e+01         +1.6304e+01         +1.2169e+01         +2.0253e+01         +1.2720e+01         -1                  
+3.4018e+00         +2.0575e+01         +1.4669e+01         +1.9927e+01         +1.5500e+01         +1.4237e+01         -1                  
+3.4018e+00         +2.0575e+01         +1.5241e+01         +3.1739e+01         +3.2198e+01         +1.4924e+01         -1                  
+3.4018e+00         +2.0575e+01         +1.2575e+01         +2.1865e+01         +1.5794e+01         +1.1389e+01         -1                  
+3.4018e+00         +2.0575e+01         +1.4879e+01         +1.6775e+01         +1.7806e+01         +1.5122e+01         -1                  
+3.4018e+00         +2.0575e+01         +1.1769e+01         +1.1248e+01         +2.1929e+01         +1.5690e+01         -1                  
+3.4018e+00         +2.0575e+01         +1.9117e+01         +1.5564e+01         +1.3136e+01         +1.2886e+01         -1                  
+3.4018e+00         +2.0575e+01         +3.0020e+01         +1.4727e+01         +2.3082e+01         +1.6006e+01         -1                  
+4.0380e+01         +4.5237e+01         +1.5456e+01         +2.5714e+01         +1.7616e+01         +1.3910e+01         -1                  
+4.0380e+01         +4.5237e+01         +1.4743e+01         +2.5579e+01         +1.2546e+01         +1.5078e+01         -1                  
+4.0380e+01         +4.5237e+01         +2.2939e+01         +1.5035e+01         +1.5401e+01         +1.1275e+01         -1                  
+4.0380e+01         +4.5237e+01         +2.1480e+01         +1.4024e+01         +1.4812e+01         +1.3778e+01         -1                  
+4.0380e+01         +4.5237e+01         +1.3357e+01         +1.5551e+01         +1.3412e+01         +1.4517e+01         -1                  
+4.0380e+01         +4.5237e+01         +1.3439e+01         +1.6494e+01         +1.6830e+01         +1.2828e+01         -1                  
+4.0380e+01         +4.5237e+01         +2.1137e+01         +1.1962e+01         +2.3693e+01         +1.3807e+01         -1                  
+4.0380e+01         +4.5237e+01         +1.4908e+01         +1.1923e+01         +2.4144e+01         +1.4031e+01         -1                  
+4.0380e+01         +4.5237e+01         +1.4880e+01         +1.7106e+01         +1.2526e+01         +1.5410e+01         -1                  
+4.0380e+01         +4.5237e+01         +3.4040e+01         +2.2211e+01         +2.5661e+01         +1.3595e+01         -1                  
+4.0380e+01         +4.5237e+01         +2.1827e+01         +1.4693e+01         +1.4332e+01         +1.2909e+01         -1                  
+4.0380e+01         +4.5237e+01         +2.4055e+01         +1.8043e+01         +2.2239e+01         +1.1684e+01         -1                  
+4.0380e+01         +4.5237e+01         +1.6304e+01         +1.2169e+01         +2.0253e+01         +1.2720e+01         -1                  
+4.0380e+01         +4.5237e+01         +1.4669e+01         +1.9927e+01         +1.5500e+01         +1.4237e+01         -1                  
+4.0380e+01         +4.5237e+01         +1.5241e+01         +3.1739e+01         +3.2198e+01         +1.4924e+01         -1                  
+4.0380e+01         +4.5237e+01         +1.2575e+01         +2.1865e+01         +1.5794e+01         +1.1389e+01         -1                  
+4.0380e+01         +4.5237e+01         +1.4879e+01         +1.6775e+01         +1.7806e+01         +1.5122e+01         -1                  
+4.0380e+01         +4.5237e+01         +1.1769e+01         +1.1248e+01         +2.1929e+01         +1.5690e+01         -1                  
+4.0380e+01         +4.5237e+01         +1.9117e+01         +1.5564e+01         +1.3136e+01         +1.2886e+01         -1                  
+4.0380e+01         +4.5237e+01         +3.0020e+01         +1.4727e+01         +2.3082e+01         +1.6006e+01         -1                  
+3.1583e+01         +8.1845e+01         +1.5456e+01         +2.5714e+01         +1.7616e+01         +1.3910e+01         -1                  
+3.1583e+01         +8.1845e+01         +1.4743e+01         +2.5579e+01         +1.2546e+01         +1.5078e+01         -1                  
+3.1583e+01         +8.1845e+01         +2.2939e+01         +1.5035e+01         +1.5401e+01         +1.1275e+01         -1                  
+3.1583e+01         +8.1845e+01         +2.1480e+01         +1.4024e+01         +1.4812e+01         +1.3778e+01         -1                  
+3.1583e+01         +8.1845e+01         +1.3357e+01         +1.5551e+01         +1.3412e+01         +1.4517e+01         -1                  
+3.1583e+01         +8.1845e+01         +1.3439e+01         +1.6494e+01         +1.6830e+01         +1.2828e+01         -1                  
+3.1583e+01         +8.1845e+01         +2.1137e+01         +1.1962e+01         +2.3693e+01         +1.3807e+01         -1                  
+3.1583e+01         +8.1845e+01         +1.4908e+01         +1.1923e+01         +2.4144e+01         +1.4031e+01         -1                  
+3.1583e+01         +8.1845e+01         +1.4880e+01         +1.7106e+01         +1.2526e+01         +1.5410e+01         -1                  
+3.1583e+01         +8.1845e+01         +3.4040e+01         +2.2211e+01         +2.5661e+01         +1.3595e+01         -1                  
+3.1583e+01         +8.1845e+01         +2.1827e+01         +1.4693e+01         +1.4332e+01         +1.2909e+01         -1                  
+3.1583e+01         +8.1845e+01         +2.4055e+01         +1.8043e+01         +2.2239e+01         +1.1684e+01         -1                  
+3.1583e+01         +8.1845e+01         +1.6304e+01         +1.2169e+01         +2.0253e+01         +1.2720e+01         -1                  
+3.1583e+01         +8.1845e+01         +1.4669e+01         +1.9927e+01         +1.5500e+01         +1.4237e+01         -1                  
+3.1583e+01         +8.1845e+01         +1.5241e+01         +3.1739e+01         +3.2198e+01         +1.4924e+01         -1                  
+3.1583e+01         +8.1845e+01         +1.2575e+01         +2.1865e+01         +1.5794e+01         +1.1389e+01         -1                  
+3.1583e+01         +8.1845e+01         +1.4879e+01         +1.6775e+01         +1.7806e+01         +1.5122e+01         -1                  
+3.1583e+01         +8.1845e+01         +1.1769e+01         +1.1248e+01         +2.1929e+01         +1.5690e+01         -1                  
+3.1583e+01         +8.1845e+01         +1.9117e+01         +1.5564e+01         +1.3136e+01         +1.2886e+01         -1                  
+3.1583e+01         +8.1845e+01         +3.0020e+01         +1.4727e+01         +2.3082e+01         +1.6006e+01         -1                  
+1.8241e+01         +6.4596e+01         +1.5456e+01         +2.5714e+01         +1.7616e+01         +1.3910e+01         -1                  
+1.8241e+01         +6.4596e+01         +1.4743e+01         +2.5579e+01         +1.2546e+01         +1.5078e+01         -1                  
+1.8241e+01         +6.4596e+01         +2.2939e+01         +1.5035e+01         +1.5401e+01         +1.1275e+01         -1                  
+1.8241e+01         +6.4596e+01         +2.1480e+01         +1.4024e+01         +1.4812e+01         +1.3778e+01         -1                  
+1.8241e+01         +6.4596e+01         +1.3357e+01         +1.5551e+01         +1.3412e+01         +1.4517e+01         -1                  
+1.8241e+01         +6.4596e+01         +1.3439e+01         +1.6494e+01         +1.6830e+01         +1.2828e+01         -1                  
+1.8241e+01         +6.4596e+01         +2.1137e+01         +1.1962e+01         +2.3693e+01         +1.3807e+01         -1                  
+1.8241e+01         +6.4596e+01         +1.4908e+01         +1.1923e+01         +2.4144e+01         +1.4031e+01         -1                  
+1.8241e+01         +6.4596e+01         +1.4880e+01         +1.7106e+01         +1.2526e+01         +1.5410e+01         -1                  
+1.8241e+01         +6.4596e+01         +3.4040e+01         +2.2211e+01         +2.5661e+01         +1.3595e+01         -1                  
+1.8241e+01         +6.4596e+01         +2.1827e+01         +1.4693e+01         +1.4332e+01         +1.2909e+01         -1                  
+1.8241e+01         +6.4596e+01         +2.4055e+01         +1.8043e+01         +2.2239e+01         +1.1684e+01         -1                  
+1.8241e+01         +6.4596e+01         +1.6304e+01         +1.2169e+01         +2.0253e+01         +1.2720e+01         -1                  
+1.8241e+01         +6.4596e+01         +1.4669e+01         +1.9927e+01         +1.5500e+01         +1.4237e+01         -1                  
+1.8241e+01         +6.4596e+01         +1.5241e+01         +3.1739e+01         +3.2198e+01         +1.4924e+01         -1                  
+1.8241e+01         +6.4596e+01         +1.2575e+01         +2.1865e+01         +1.5794e+01         +1.1389e+01         -1                  
+1.8241e+01         +6.4596e+01         +1.4879e+01         +1.6775e+01         +1.7806e+01         +1.5122e+01         -1                  
+1.8241e+01         +6.4596e+01         +1.1769e+01         +1.1248e+01         +2.1929e+01         +1.5690e+01         -1                  
+1.8241e+01         +6.4596e+01         +1.9117e+01         +1.5564e+01         +1.3136e+01         +1.2886e+01         -1                  
+1.8241e+01         +6.4596e+01         +3.0020e+01         +1.4727e+01         +2.3082e+01         +1.6006e+01         -1                  
+5.2185e+01         +9.3158e+01         +1.5456e+01         +2.5714e+01         +1.7616e+01         +1.3910e+01         -1                  
+5.2185e+01         +9.3158e+01         +1.4743e+01         +2.5579e+01         +1.2546e+01         +1.5078e+01         -1                  
+5.2185e+01         +9.3158e+01         +2.2939e+01         +1.5035e+01         +1.5401e+01         +1.1275e+01         -1                  
+5.2185e+01         +9.3158e+01         +2.1480e+01         +1.4024e+01         +1.4812e+01         +1.3778e+01         -1                  
+5.2185e+01         +9.3158e+01         +1.3357e+01         +1.5551e+01         +1.3412e+01         +1.4517e+01         -1                  
+5.2185e+01         +9.3158e+01         +1.3439e+01         +1.6494e+01         +1.6830e+01         +1.2828e+01         -1                  
+5.2185e+01         +9.3158e+01         +2.1137e+01         +1.1962e+01         +2.3693e+01         +1.3807e+01         -1                  
+5.2185e+01         +9.3158e+01         +1.4908e+01         +1.1923e+01         +2.4144e+01         +1.4031e+01         -1                  
+5.2185e+01         +9.3158e+01         +1.4880e+01         +1.7106e+01         +1.2526e+01         +1.5410e+01         -1                  
+5.2185e+01         +9.3158e+01         +3.4040e+01         +2.2211e+01         +2.5661e+01         +1.3595e+01         -1                  
+5.2185e+01         +9.3158e+01         +2.1827e+01         +1.4693e+01         +1.4332e+01         +1.2909e+01         -1                  
+5.2185e+01         +9.3158e+01         +2.4055e+01         +1.8043e+01         +2.2239e+01         +1.1684e+01         -1                  
+5.2185e+01         +9.3158e+01         +1.6304e+01         +1.2169e+01         +2.0253e+01         +1.2720e+01         -1                  
+5.2185e+01         +9.3158e+01         +1.4669e+01         +1.9927e+01         +1.5500e+01         +1.4237e+01         -1                  
+5.2185e+01         +9.3158e+01         +1.5241e+01         +3.1739e+01         +3.2198e+01         +1.4924e+01         -1                  
+5.2185e+01         +9.3158e+01         +1.2575e+01         +2.1865e+01         +1.5794e+01         +1.1389e+01         -1                  
+5.2185e+01         +9.3158e+01         +1.4879e+01         +1.6775e+01         +1.7806e+01         +1.5122e+01         -1                  
+5.2185e+01         +9.3158e+01         +1.1769e+01         +1.1248e+01         +2.1929e+01         +1.5690e+01         -1                  
+5.2185e+01         +9.3158e+01         +1.9117e+01         +1.5564e+01         +1.3136e+01         +1.2886e+01         -1                  
+5.2185e+01         +9.3158e+01         +3.0020e+01         +1.4727e+01         +2.3082e+01         +1.6006e+01         -1                  
+3.0549e+00         +1.0522e+02         +1.5456e+01         +2.5714e+01         +1.7616e+01         +1.3910e+01         -1                  
+3.0549e+00         +1.0522e+02         +1.4743e+01         +2.5579e+01         +1.2546e+01         +1.5078e+01         -1                  
+3.0549e+00         +1.0522e+02         +2.2939e+01         +1.5035e+01         +1.5401e+01         +1.1275e+01         -1                  
+3.0549e+00         +1.0522e+02         +2.1480e+01         +1.4024e+01         +1.4812e+01         +1.3778e+01         -1                  
+3.0549e+00         +1.0522e+02         +1.3357e+01         +1.5551e+01         +1.3412e+01         +1.4517e+01         -1                  
+3.0549e+00         +1.0522e+02         +1.3439e+01         +1.6494e+01         +1.6830e+01         +1.2828e+01         -1                  
+3.0549e+00         +1.0522e+02         +2.1137e+01         +1.1962e+01         +2.3693e+01         +1.3807e+01         -1                  
+3.0549e+00         +1.0522e+02         +1.4908e+01         +1.1923e+01         +2.4144e+01         +1.4031e+01         -1                  
+3.0549e+00         +1.0522e+02         +1.4880e+01         +1.7106e+01         +1.2526e+01         +1.5410e+01         -1                  
+3.0549e+00         +1.0522e+02         +3.4040e+01         +2.2211e+01         +2.5661e+01         +1.3595e+01         -1                  
+3.0549e+00         +1.0522e+02         +2.1827e+01         +1.4693e+01         +1.4332e+01         +1.2909e+01         -1                  
+3.0549e+00         +1.0522e+02         +2.4055e+01         +1.8043e+01         +2.2239e+01         +1.1684e+01         -1                  
+3.0549e+00         +1.0522e+02         +1.6304e+01         +1.2169e+01         +2.0253e+01         +1.2720e+01         -1                  
+3.0549e+00         +1.0522e+02         +1.4669e+01         +1.9927e+01         +1.5500e+01         +1.4237e+01         -1                  
+3.0549e+00         +1.0522e+02         +1.5241e+01         +3.1739e+01         +3.2198e+01         +1.4924e+01         -1                  
+3.0549e+00         +1.0522e+02         +1.2575e+01         +2.1865e+01         +1.5794e+01         +1.1389e+01         -1                  
+3.0549e+00         +1.0522e+02         +1.4879e+01         +1.6775e+01         +1.7806e+01         +1.5122e+01         -1                  
+3.0549e+00         +1.0522e+02         +1.1769e+01         +1.1248e+01         +2.1929e+01         +1.5690e+01         -1                  
+3.0549e+00         +1.0522e+02         +1.9117e+01         +1.5564e+01         +1.3136e+01         +1.2886e+01         -1                  
+3.0549e+00         +1.0522e+02         +3.0020e+01         +1.4727e+01         +2.3082e+01         +1.6006e+01         -1                  
+1.2194e+01         +1.3563e+02         +1.5456e+01         +2.5714e+01         +1.7616e+01         +1.3910e+01         -1                  
+1.2194e+01         +1.3563e+02         +1.4743e+01         +2.5579e+01         +1.2546e+01         +1.5078e+01         -1                  
+1.2194e+01         +1.3563e+02         +2.2939e+01         +1.5035e+01         +1.5401e+01         +1.1275e+01         -1                  
+1.2194e+01         +1.3563e+02         +2.1480e+01         +1.4024e+01         +1.4812e+01         +1.3778e+01         -1                  
+1.2194e+01         +1.3563e+02         +1.3357e+01         +1.5551e+01         +1.3412e+01         +1.4517e+01         -1                  
+1.2194e+01         +1.3563e+02         +1.3439e+01         +1.6494e+01         +1.6830e+01         +1.2828e+01         -1                  
+1.2194e+01         +1.3563e+02         +2.1137e+01         +1.1962e+01         +2.3693e+01         +1.3807e+01         -1                  
+1.2194e+01         +1.3563e+02         +1.4908e+01         +1.1923e+01         +2.4144e+01         +1.4031e+01         -1                  
+1.2194e+01         +1.3563e+02         +1.4880e+01         +1.7106e+01         +1.2526e+01         +1.5410e+01         -1                  
+1.2194e+01         +1.3563e+02         +3.4040e+01         +2.2211e+01         +2.5661e+01         +1.3595e+01         -1                  
+1.2194e+01         +1.3563e+02         +2.1827e+01         +1.4693e+01         +1.4332e+01         +1.2909e+01         -1                  
+1.2194e+01         +1.3563e+02         +2.4055e+01         +1.8043e+01         +2.2239e+01         +1.1684e+01         -1                  
+1.2194e+01         +1.3563e+02         +1.6304e+01         +1.2169e+01         +2.0253e+01         +1.2720e+01         -1                  
+1.2194e+01         +1.3563e+02         +1.4669e+01         +1.9927e+01         +1.5500e+01         +1.4237e+01         -1                  
+1.2194e+01         +1.3563e+02         +1.5241e+01         +3.1739e+01         +3.2198e+01         +1.4924e+01         -1                  
+1.2194e+01         +1.3563e+02         +1.2575e+01         +2.1865e+01         +1.5794e+01         +1.1389e+01         -1                  
+1.2194e+01         +1.3563e+02         +1.4879e+01         +1.6775e+01         +1.7806e+01         +1.5122e+01         -1                  
+1.2194e+01         +1.3563e+02         +1.1769e+01         +1.1248e+01         +2.1929e+01         +1.5690e+01         -1                  
+1.2194e+01         +1.3563e+02         +1.9117e+01         +1.5564e+01         +1.3136e+01         +1.2886e+01         -1                  
+1.2194e+01         +1.3563e+02         +3.0020e+01         +1.4727e+01         +2.3082e+01         +1.6006e+01         -1                  
+4.3141e+01         +1.2659e+02         +1.5456e+01         +2.5714e+01         +1.7616e+01         +1.3910e+01         -1                  
+4.3141e+01         +1.2659e+02         +1.4743e+01         +2.5579e+01         +1.2546e+01         +1.5078e+01         -1                  
+4.3141e+01         +1.2659e+02         +2.2939e+01         +1.5035e+01         +1.5401e+01         +1.1275e+01         -1                  
+4.3141e+01         +1.2659e+02         +2.1480e+01         +1.4024e+01         +1.4812e+01         +1.3778e+01         -1                  
+4.3141e+01         +1.2659e+02         +1.3357e+01         +1.5551e+01         +1.3412e+01         +1.4517e+01         -1                  
+4.3141e+01         +1.2659e+02         +1.3439e+01         +1.6494e+01         +1.6830e+01         +1.2828e+01         -1                  
+4.3141e+01         +1.2659e+02         +2.1137e+01         +1.1962e+01         +2.3693e+01         +1.3807e+01         -1                  
+4.3141e+01         +1.2659e+02         +1.4908e+01         +1.1923e+01         +2.4144e+01         +1.4031e+01         -1                  
+4.3141e+01         +1.2659e+02         +1.4880e+01         +1.7106e+01         +1.2526e+01         +1.5410e+01         -1                  
+4.3141e+01         +1.2659e+02         +3.4040e+01         +2.2211e+01         +2.5661e+01         +1.3595e+01         -1                  
+4.3141e+01         +1.2659e+02         +2.1827e+01         +1.4693e+01         +1.4332e+01         +1.2909e+01         -1                  
+4.3141e+01         +1.2659e+02         +2.4055e+01         +1.8043e+01         +2.2239e+01         +1.1684e+01         -1                  
+4.3141e+01         +1.2659e+02         +1.6304e+01         +1.2169e+01         +2.0253e+01         +1.2720e+01         -1                  
+4.3141e+01         +1.2659e+02         +1.4669e+01         +1.9927e+01         +1.5500e+01         +1.4237e+01         -1                  
+4.3141e+01         +1.2659e+02         +1.5241e+01         +3.1739e+01         +3.2198e+01         +1.4924e+01         -1                  
+4.3141e+01         +1.2659e+02         +1.2575e+01         +2.1865e+01         +1.5794e+01         +1.1389e+01         -1                  
+4.3141e+01         +1.2659e+02         +1.4879e+01         +1.6775e+01         +1.7806e+01         +1.5122e+01         -1                  
+4.3141e+01         +1.2659e+02         +1.1769e+01         +1.1248e+01         +2.1929e+01         +1.5690e+01         -1                  
+4.3141e+01         +1.2659e+02         +1.9117e+01         +1.5564e+01         +1.3136e+01         +1.2886e+01         -1                  
+4.3141e+01         +1.2659e+02         +3.0020e+01         +1.4727e+01         +2.3082e+01         +1.6006e+01         -1                  
+7.1448e+01         +1.1241e+02         +1.5456e+01         +2.5714e+01         +1.7616e+01         +1.3910e+01         -1                  
+7.1448e+01         +1.1241e+02         +1.4743e+01         +2.5579e+01         +1.2546e+01         +1.5078e+01         -1                  
+7.1448e+01         +1.1241e+02         +2.2939e+01         +1.5035e+01         +1.5401e+01         +1.1275e+01         -1                  
+7.1448e+01         +1.1241e+02         +2.1480e+01         +1.4024e+01         +1.4812e+01         +1.3778e+01         -1                  
+7.1448e+01         +1.1241e+02         +1.3357e+01         +1.5551e+01         +1.3412e+01         +1.4517e+01         -1                  
+7.1448e+01         +1.1241e+02         +1.3439e+01         +1.6494e+01         +1.6830e+01         +1.2828e+01         -1                  
+7.1448e+01         +1.1241e+02         +2.1137e+01         +1.1962e+01         +2.3693e+01         +1.3807e+01         -1                  
+7.1448e+01         +1.1241e+02         +1.4908e+01         +1.1923e+01         +2.4144e+01         +1.4031e+01         -1                  
+7.1448e+01         +1.1241e+02         +1.4880e+01         +1.7106e+01         +1.2526e+01         +1.5410e+01         -1                  
+7.1448e+01         +1.1241e+02         +3.4040e+01         +2.2211e+01         +2.5661e+01         +1.3595e+01         -1                  
+7.1448e+01         +1.1241e+02         +2.1827e+01         +1.4693e+01         +1.4332e+01         +1.2909e+01         -1                  
+7.1448e+01         +1.1241e+02         +2.4055e+01         +1.8043e+01         +2.2239e+01         +1.1684e+01         -1                  
+7.1448e+01         +1.1241e+02         +1.6304e+01         +1.2169e+01         +2.0253e+01         +1.2720e+01         -1                  
+7.1448e+01         +1.1241e+02         +1.4669e+01         +1.9927e+01         +1.5500e+01         +1.4237e+01         -1                  
+7.1448e+01         +1.1241e+02         +1.5241e+01         +3.1739e+01         +3.2198e+01         +1.4924e+01         -1                  
+7.1448e+01         +1.1241e+02         +1.2575e+01         +2.1865e+01         +1.5794e+01         +1.1389e+01         -1                  
+7.1448e+01         +1.1241e+02         +1.4879e+01         +1.6775e+01         +1.7806e+01         +1.5122e+01         -1                  
+7.1448e+01         +1.1241e+02         +1.1769e+01         +1.1248e+01         +2.1929e+01         +1.5690e+01         -1                  
+7.1448e+01         +1.1241e+02         +1.9117e+01         +1.5564e+01         +1.3136e+01         +1.2886e+01         -1                  
+7.1448e+01         +1.1241e+02         +3.0020e+01         +1.4727e+01         +2.3082e+01         +1.6006e+01         -1                  
+2.8098e+01         +1.4920e+02         +1.5456e+01         +2.5714e+01         +1.7616e+01         +1.3910e+01         -1                  
+2.8098e+01         +1.4920e+02         +1.4743e+01         +2.5579e+01         +1.2546e+01         +1.5078e+01         -1                  
+2.8098e+01         +1.4920e+02         +2.2939e+01         +1.5035e+01         +1.5401e+01         +1.1275e+01         -1                  
+2.8098e+01         +1.4920e+02         +2.1480e+01         +1.4024e+01         +1.4812e+01         +1.3778e+01         -1                  
+2.8098e+01         +1.4920e+02         +1.3357e+01         +1.5551e+01         +1.3412e+01         +1.4517e+01         -1                  
+2.8098e+01         +1.4920e+02         +1.3439e+01         +1.6494e+01         +1.6830e+01         +1.2828e+01         -1                  
+2.8098e+01         +1.4920e+02         +2.1137e+01         +1.1962e+01         +2.3693e+01         +1.3807e+01         -1                  
+2.8098e+01         +1.4920e+02         +1.4908e+01         +1.1923e+01         +2.4144e+01         +1.4031e+01         -1                  
+2.8098e+01         +1.4920e+02         +1.4880e+01         +1.7106e+01         +1.2526e+01         +1.5410e+01         -1                  
+2.8098e+01         +1.4920e+02         +3.4040e+01         +2.2211e+01         +2.5661e+01         +1.3595e+01         -1                  
+2.8098e+01         +1.4920e+02         +2.1827e+01         +1.4693e+01         +1.4332e+01         +1.2909e+01         -1                  
+2.8098e+01         +1.4920e+02         +2.4055e+01         +1.8043e+01         +2.2239e+01         +1.1684e+01         -1                  
+2.8098e+01         +1.4920e+02         +1.6304e+01         +1.2169e+01         +2.0253e+01         +1.2720e+01         -1                  
+2.8098e+01         +1.4920e+02         +1.4669e+01         +1.9927e+01         +1.5500e+01         +1.4237e+01         -1                  
+2.8098e+01         +1.4920e+02         +1.5241e+01         +3.1739e+01         +3.2198e+01         +1.4924e+01         -1                  
+2.8098e+01         +1.4920e+02         +1.2575e+01         +2.1865e+01         +1.5794e+01         +1.1389e+01         -1                  
+2.8098e+01         +1.4920e+02         +1.4879e+01         +1.6775e+01         +1.7806e+01         +1.5122e+01         -1                  
+2.8098e+01         +1.4920e+02         +1.1769e+01         +1.1248e+01         +2.1929e+01         +1.5690e+01         -1                  
+2.8098e+01         +1.4920e+02         +1.9117e+01         +1.5564e+01         +1.3136e+01         +1.2886e+01         -1                  
+2.8098e+01         +1.4920e+02         +3.0020e+01         +1.4727e+01         +2.3082e+01         +1.6006e+01         -1                  
+5.6806e+01         +1.5647e+02         +1.5456e+01         +2.5714e+01         +1.7616e+01         +1.3910e+01         -1                  
+5.6806e+01         +1.5647e+02         +1.4743e+01         +2.5579e+01         +1.2546e+01         +1.5078e+01         -1                  
+5.6806e+01         +1.5647e+02         +2.2939e+01         +1.5035e+01         +1.5401e+01         +1.1275e+01         -1                  
+5.6806e+01         +1.5647e+02         +2.1480e+01         +1.4024e+01         +1.4812e+01         +1.3778e+01         -1                  
+5.6806e+01         +1.5647e+02         +1.3357e+01         +1.5551e+01         +1.3412e+01         +1.4517e+01         -1                  
+5.6806e+01         +1.5647e+02         +1.3439e+01         +1.6494e+01         +1.6830e+01         +1.2828e+01         -1                  
+5.6806e+01         +1.5647e+02         +2.1137e+01         +1.1962e+01         +2.3693e+01         +1.3807e+01         -1                  
+5.6806e+01         +1.5647e+02         +1.4908e+01         +1.1923e+01         +2.4144e+01         +1.4031e+01         -1                  
+5.6806e+01         +1.5647e+02         +1.4880e+01         +1.7106e+01         +1.2526e+01         +1.5410e+01         -1                  
+5.6806e+01         +1.5647e+02         +3.4040e+01         +2.2211e+01         +2.5661e+01         +1.3595e+01         -1                  
+5.6806e+01         +1.5647e+02         +2.1827e+01         +1.4693e+01         +1.4332e+01         +1.2909e+01         -1                  
+5.6806e+01         +1.5647e+02         +2.4055e+01         +1.8043e+01         +2.2239e+01         +1.1684e+01         -1                  
+5.6806e+01         +1.5647e+02         +1.6304e+01         +1.2169e+01         +2.0253e+01         +1.2720e+01         -1                  
+5.6806e+01         +1.5647e+02         +1.4669e+01         +1.9927e+01         +1.5500e+01         +1.4237e+01         -1                  
+5.6806e+01         +1.5647e+02         +1.5241e+01         +3.1739e+01         +3.2198e+01         +1.4924e+01         -1                  
+5.6806e+01         +1.5647e+02         +1.2575e+01         +2.1865e+01         +1.5794e+01         +1.1389e+01         -1                  
+5.6806e+01         +1.5647e+02         +1.4879e+01         +1.6775e+01         +1.7806e+01         +1.5122e+01         -1                  
+5.6806e+01         +1.5647e+02         +1.1769e+01         +1.1248e+01         +2.1929e+01         +1.5690e+01         -1                  
+5.6806e+01         +1.5647e+02         +1.9117e+01         +1.5564e+01         +1.3136e+01         +1.2886e+01         -1                  
+5.6806e+01         +1.5647e+02         +3.0020e+01         +1.4727e+01         +2.3082e+01         +1.6006e+01         -1                  
