-9.446218630299489938e-01 -9.138760135395482820e-01 -2.967617105315191406e+00 -1.152730752025635796e+00
-9.855954938951310140e-01 -7.103279132703315124e-01 -3.096339563032147524e+00 -7.899639712225502430e-01
-9.798763561391690136e-01 -8.339672800543103115e-01 -3.078372361873149110e+00 -9.862586295003817893e-01
-9.459083038258042642e-01 -5.154489136342483846e-01 -2.971658578268728590e+00 -5.415314353498792421e-01
-9.413291918214377052e-01 -3.527202330300067690e-01 -2.957272873635846011e+00 -3.604765907609492337e-01
-9.038380318736507490e-01 -1.372680495855134186e-01 -2.839490920969318655e+00 -1.377028255623491404e-01
-9.674546454923036443e-01 -1.718951158701464976e-01 -3.039348406959938576e+00 -1.727530979419279467e-01
-9.197952540843585822e-01 2.260390434365640022e-01 -2.889622013038178228e+00 2.280095546283130159e-01
-9.130619698286439601e-01 3.870923077096266596e-02 -2.868468776685893395e+00 3.871890430964224777e-02
-9.630394546319311910e-01 6.183380157524842602e-01 -3.025477675788796006e+00 6.666262196292442876e-01
-9.931028401238251035e-01 4.363068749840861571e-01 -3.119924586792167887e+00 4.514901756174130587e-01
-9.254555594561073573e-01 7.358476772426727486e-01 -2.907404386811138775e+00 8.269176671813409651e-01
-8.121574915857838750e-01 -8.895586400759336598e-01 -2.551468009123812664e+00 -1.096378103740136112e+00
-8.644205756156604359e-01 -7.429656708424037248e-01 -2.715657329966019162e+00 -8.374903383491364428e-01
-8.090392362443628027e-01 -3.468023934190065383e-01 -2.541671721051187216e+00 -3.541597588018846055e-01
-8.049233424399713233e-01 -5.596976804086972734e-01 -2.528741259312355272e+00 -5.940209417978612461e-01
-8.777655167104965184e-01 -5.093674056566241948e-01 -2.757581698872144660e+00 -5.344495247959684114e-01
-8.608162362772775467e-01 -2.532632660003413250e-01 -2.704333963979510536e+00 -2.560520158643747046e-01
-8.214580990843984853e-01 -1.293171783904487615e-01 -2.580686729315382788e+00 -1.296803451063486823e-01
-8.463739287888416563e-01 8.829116969164818585e-02 -2.658962116872955583e+00 8.840628376927545107e-02
-8.175553954427559056e-01 3.159868316917293640e-01 -2.568426024225660242e+00 3.214965980649292510e-01
-8.853972403530554480e-01 4.060280128722240089e-01 -2.781557465801835161e+00 4.181034619725269574e-01
-8.538507606671050798e-01 6.364717365580552233e-01 -2.682451276973834009e+00 6.899151459182720769e-01
-8.315365296174683785e-01 4.875463518824816322e-01 -2.612349052637790159e+00 5.092772597830270698e-01
-8.781103770648641671e-01 8.695309190118598597e-01 -2.758665109627940648e+00 1.054251734704483079e+00
-6.764081535713837301e-01 -7.723918469683737076e-01 -2.124998886088095507e+00 -8.825983973076475531e-01
-7.568685031537443209e-01 -6.798613680764078460e-01 -2.377772529241306110e+00 -7.475735764465071265e-01
-6.789139661690468674e-01 -6.190146737501365237e-01 -2.132871128536186767e+00 -6.674874956856960972e-01
-6.831831806642567617e-01 -4.493328632003319445e-01 -2.146283261430937284e+00 -4.660184297391499197e-01
-7.562867741833882995e-01 -4.319279747128246250e-01 -2.375944973781655367e+00 -4.466293475170811100e-01
-7.678706441635925195e-01 -6.840056542509342918e-02 -2.412336774611604451e+00 -6.845401494034110412e-02
-6.809121660252765995e-01 -2.100388450697319165e-01 -2.139148658524922642e+00 -2.116146909439686197e-01
-7.363824303475474675e-01 -2.530744559987845310e-01 -2.313413633412452430e+00 -2.558568476941565084e-01
-7.104815778300073159e-01 3.963418440257071573e-02 -2.232043705421635771e+00 3.964456842706948897e-02
-6.749539484039877024e-01 1.898771237092820030e-01 -2.120430365817392193e+00 1.910369919230338609e-01
-7.443818616812154509e-01 2.281553207679754003e-01 -2.338544588123200096e+00 2.301826098094743034e-01
-7.688590574843108261e-01 4.350411102581432932e-01 -2.415441966638683269e+00 4.500839335025167975e-01
-6.954597305836620613e-01 4.486210147486007216e-01 -2.184851180469169485e+00 4.652217717042619327e-01
-7.141396321208999254e-01 5.942490773364041967e-01 -2.243535821908336558e+00 6.363316692857238221e-01
-7.422905820130742960e-01 8.077875547711048654e-01 -2.331974639281165995e+00 9.403891491674295500e-01
-7.727790543548633817e-01 9.492837389202528620e-01 -2.427757000009306054e+00 1.250949973267429849e+00
-6.345766684175393468e-01 -8.722584874919920850e-01 -1.993581399640027785e+00 -1.059801629724215655e+00
-5.630688549085769434e-01 -6.818419028963254025e-01 -1.768932978046002358e+00 -7.502776715102813521e-01
-6.058734660854170340e-01 -4.809891532974248651e-01 -1.903407630058930877e+00 -5.017825983724065741e-01
-6.331544251173655269e-01 -3.333238232762893993e-01 -1.989113290536584255e+00 -3.398268225333702097e-01
-6.087820288086900344e-01 -9.975284371832349173e-02 -1.912545149342870454e+00 -9.991902285026973973e-02
-5.681274776438836049e-01 5.218824134067912013e-02 -1.784825110068524179e+00 5.221196051439758179e-02
-6.045284534420942713e-01 1.976992414861378222e-01 -1.899182148219682675e+00 1.990102793154625016e-01
-5.783567089142571671e-01 3.996868224921210633e-01 -1.816961187879400752e+00 4.111751668614237465e-01
-6.388017278660520493e-01 3.744485424913019944e-01 -2.006854815364455202e+00 3.838019778942702298e-01
-6.519948055284587873e-01 7.819560838165959815e-01 -2.048302091226911870e+00 8.977977711203187772e-01
-5.577890415470754260e-01 8.416844901855329297e-01 -1.752345955177184056e+00 1.000395280789097008e+00
-6.038549233506811387e-01 6.540410860129048931e-01 -1.897066191032527493e+00 7.129142896383684480e-01
-6.523154316806649700e-01 8.888136964957324970e-01 -2.049309367991231756e+00 1.094749971753590456e+00
-5.348356831605842743e-01 -9.341402265336329336e-01 -1.680235853094969700e+00 -1.205842457612781971e+00
-5.219813311409577938e-01 -8.193278112581132699e-01 -1.639852715223454105e+00 -9.602375960457499859e-01
-5.018798854256856234e-01 -4.766787684106097434e-01 -1.576702161037821126e+00 -4.968727383003417319e-01
-4.496493779206265362e-01 -3.700521987510978494e-01 -1.412615182366660838e+00 -3.790652075108105201e-01
-5.481833937862168327e-01 -1.980331762775033866e-01 -1.722168922738699370e+00 -1.993509494862595044e-01
-4.756506230570223259e-01 -2.041894418112950582e-01 -1.494300503071349207e+00 -2.056356325926153861e-01
-4.651967245217905056e-01 5.517698249037028546e-02 -1.461458612231691712e+00 5.520501863257248898e-02
-5.294989156075593506e-01 2.069532128538793536e-01 -1.663469903356470381e+00 2.084597211765155389e-01
-4.765181864428986724e-01 3.101212619711801732e-01 -1.497026033830941794e+00 3.153205803847736743e-01
-5.438936161747285336e-01 5.735472778596468757e-01 -1.708692188908913945e+00 6.108296426962563919e-01
-4.609222441980573848e-01 5.654369764361086848e-01 -1.448029936248737659e+00 6.009629597264314338e-01
-5.135773715403744166e-01 7.256349332744784775e-01 -1.613450897481195856e+00 8.119567068467334892e-01
-4.307407683966544276e-01 -6.850441914224114637e-01 -1.353212033596552066e+00 -7.546643578331510005e-01
-4.218192950358869986e-01 -8.217892893015257272e-01 -1.325184398427168064e+00 -9.645441973443203976e-01
-3.536705246167530792e-01 -7.148556075382150876e-01 -1.111088721927239620e+00 -7.964175950487201172e-01
-3.967133058948537627e-01 -4.786019165097676886e-01 -1.246311607380592879e+00 -4.990617279572018838e-01
-4.093560998163812137e-01 -2.496713369805043659e-01 -1.286030115885313352e+00 -2.523408283022439136e-01
-3.789880924234838577e-01 -6.917235264631194092e-02 -1.190626206955626376e+00 -6.922763457158066791e-02
-3.488481444468523041e-01 -2.280130683886845144e-01 -1.095938767812662196e+00 -2.300365063491979500e-01
-3.752366042671824165e-01 1.533212129345005170e-01 -1.178840559323760750e+00 1.539283547008794273e-01
-4.121074885736055737e-01 3.508054717172548465e-01 -1.294673858592178872e+00 3.584310999130649322e-01
-3.855494733952420372e-01 5.630493832340517368e-01 -1.211239393213905835e+00 5.980710384565498527e-01
-3.814607790356452366e-01 8.627950926217982097e-01 -1.198394381051022473e+00 1.040772633697303107e+00
-4.316749596771070063e-01 6.997820311055906739e-01 -1.356146882060269565e+00 7.750923247470009603e-01
-3.487478748215453450e-01 7.542000299808138131e-01 -1.095623761494419535e+00 8.544349965330583219e-01
-4.325005094994018862e-01 9.464522721918300352e-01 -1.358740423317163604e+00 1.242063715812236513e+00
-3.048028400529092519e-01 -9.411719534167946044e-01 -9.575663631035244983e-01 -1.226081779488626955e+00
-2.652991741005923387e-01 -7.383704265300830016e-01 -8.334619363578603668e-01 -8.306508038233162416e-01
-3.134610165788682679e-01 -8.422448346132711539e-01 -9.847668268709608430e-01 -1.001433854842148863e+00
-2.852915821497072901e-01 -4.562421867828281297e-01 -8.962699386125293488e-01 -4.737676572919646278e-01
-3.046929518374392742e-01 -6.075137420477831895e-01 -9.572211390930879249e-01 -6.529267416298427662e-01
-3.226836666524404151e-01 -2.268391291054028258e-02 -1.013740636588724486e+00 -2.268585873314478765e-02
-2.571786042313848331e-01 -5.139884716746201399e-02 -8.079504137137955011e-01 -5.142150538237868357e-02
-2.913017595302789253e-01 -2.689626517380647730e-01 -9.151514677181047386e-01 -2.723158328432478403e-01
-2.936040398995360956e-01 1.342054487443633537e-01 -9.223842948126671493e-01 1.346116140835659225e-01
-2.295329612483352211e-01 2.844310921275674531e-01 -7.210990648144806059e-01 2.884129577655221710e-01
-2.312587591195160996e-01 4.862194553929166663e-01 -7.265208187281633201e-01 5.077581453171672310e-01
-3.027289001956441350e-01 3.805435072261353913e-01 -9.510508888839532826e-01 3.903839514072782180e-01
-2.981157174672055543e-01 5.495476625408797222e-01 -9.365581479146233290e-01 5.818227196934975254e-01
-3.105856882854038936e-01 9.846354671036741113e-01 -9.757337166275543705e-01 1.395274022157656280e+00
-1.421766220858549090e-01 -9.239209494036493275e-01 -4.466610314571340945e-01 -1.178205486794529522e+00
-2.054452740988503834e-01 -8.345893193037459135e-01 -6.454253638236897572e-01 -9.873868543617948523e-01
-2.086068289618303595e-01 -3.429366904987296572e-01 -6.553576813551487135e-01 -3.500413928747482806e-01
-1.637712893079965593e-01 -6.056184288170636254e-01 -5.145026793589305703e-01 -6.505427974489398357e-01
-1.308689623491026133e-01 -4.717682948685653077e-01 -4.111369706988600159e-01 -4.912952048155591611e-01
-1.769205725687861275e-01 -1.772819733882873283e-01 -5.558123710509983439e-01 -1.782239875910643923e-01
-1.174536418813412197e-01 2.213965981821228723e-01 -3.689914984717880264e-01 2.232463765777288334e-01
-1.751265349931241389e-01 1.222631401813414342e-01 -5.501762357830346506e-01 1.225698114357277185e-01
-1.745334851009987531e-01 4.051423382953642793e-01 -5.483131145987213406e-01 4.171345132254278276e-01
-1.266441540171001634e-01 6.970994826473828621e-01 -3.978643438802161869e-01 7.713440015307743147e-01
-2.095465649069476743e-01 6.594878610822632048e-01 -6.583099488966435153e-01 7.201372632834738274e-01
-1.930573689226509071e-01 7.962641140140955809e-01 -6.065076119287745593e-01 9.210943355006072641e-01
-1.816541807808100817e-01 9.365217125598059855e-01 -5.706834398348651360e-01 1.212574397935425541e+00
-7.129301458795200830e-03 -9.010155002572253213e-01 -2.239736108817799720e-02 -1.122104864891341203e+00
-5.193924940673477764e-02 -8.184390799812180095e-01 -1.631719643691660060e-01 -9.586891742925672810e-01
-7.467892770035122751e-03 -6.774659162819831604e-01 -2.346107706413867039e-02 -7.443120091361680180e-01
-9.666326002848757426e-02 -6.898567611854433679e-01 -3.036765875775364609e-01 -7.612911756360734028e-01
-6.842311352866081720e-02 -4.290505938603488278e-01 -2.149575507973812138e-01 -4.434414496128220029e-01
-5.146213019760370599e-03 -5.354507820357810033e-01 -1.616730501668732500e-02 -5.650414006102429942e-01
-4.762271438381926458e-03 -2.883352571661905728e-01 -1.496111696522115647e-02 -2.924878003205230170e-01
-1.030484064161465430e-01 -1.980298386788756915e-01 -3.237361165611012948e-01 -1.993475444531819241e-01
-4.201966738005213919e-02 -4.634446567641292702e-02 -1.320086783474584691e-01 -4.636107157853269073e-02
-9.586667350510502672e-03 1.367022420333723343e-01 -3.011740372077292144e-02 1.371316334319567232e-01
-6.683652837650688738e-02 3.096126466479942607e-01 -2.099731465390797802e-01 3.147856350031489892e-01
-1.019378638573453788e-01 4.560896518284907053e-02 -3.202472442168727285e-01 4.562479246168240493e-02
-2.279256153663533624e-03 3.937299253948158828e-01 -7.160494387998686018e-03 4.046857634927299996e-01
-9.834262201241461554e-02 5.125383120698401296e-01 -3.089524588489596102e-01 5.381383078319864621e-01
-3.389990632900463652e-02 5.745180146015573808e-01 -1.064996966805830947e-01 6.120151561991522549e-01
-7.312741973092551362e-02 8.257033705021876724e-01 -2.297365646026528763e-01 9.714479441576858720e-01
8.166183876529875540e-02 -9.541797404799348126e-01 2.565482327436967580e-01 -1.266906494468039046e+00
5.832923557575653284e-02 -7.522781897665562489e-01 1.832466979743051227e-01 -8.515131372267673582e-01
5.214656706959397425e-02 -4.256239400314429933e-01 1.638232720157638544e-01 -4.396512864729428816e-01
9.127260329989650423e-02 -2.736456643724907156e-01 2.867413400009703461e-01 -2.771813384859457274e-01
6.677228086126829609e-02 -7.039671242430789455e-02 2.097713070171948191e-01 -7.045498660404531099e-02
1.016872209194144006e-01 2.228341785227345717e-01 3.194598262043946146e-01 2.247207872781378235e-01
6.561615914713336828e-02 3.992453027190963066e-01 2.061392435334128970e-01 4.106935516435221700e-01
1.012670350876216929e-01 6.316756236231240162e-01 3.181397734820921031e-01 6.837127589305995734e-01
3.962636739065006353e-02 5.399461921283850163e-01 1.244899046829163747e-01 5.703731804410955286e-01
2.123578337133613658e-02 6.769060432180018516e-01 6.671418103261389509e-02 7.435511175094648983e-01
6.477881932984019819e-02 8.011787800971184037e-01 2.035086629148464554e-01 9.292624327206429058e-01
8.623043274718633633e-02 9.463904914742380381e-01 2.709008940344292959e-01 1.241872405324721429e+00
1.299407736505830968e-01 -8.372833755984305792e-01 4.082209799024460462e-01 -9.922956521161250265e-01
1.153762158918560932e-01 -6.642543214130514073e-01 3.624650722448450324e-01 -7.264958208522009908e-01
1.908363971300988116e-01 -6.511632167673990779e-01 5.995302232614626581e-01 -7.091161215470072055e-01
1.426256647189894089e-01 -4.667083228609032464e-01 4.480717404945380733e-01 -4.855652221876257113e-01
2.100964700436549482e-01 -3.363944936901905880e-01 6.600375268342943968e-01 -3.430856317730519578e-01
1.637361557982557336e-01 -2.029291479856316638e-01 5.143923041828339926e-01 -2.043483871207813773e-01
1.693819177226860706e-01 6.553917261610031630e-03 5.321289883685413891e-01 6.553964181826557947e-03
1.718146255287746893e-01 2.133523954302845027e-01 5.397715653404798752e-01 2.150050841886140818e-01
2.132824782074032033e-01 5.694324405816273416e-01 6.700466666758030376e-01 6.058152604262775354e-01
1.642195435564928196e-01 3.810644778809415545e-01 5.159109116129468875e-01 3.909473726004453753e-01
1.534220816687315025e-01 7.696829325070446703e-01 4.819896846689401548e-01 8.783443637581984653e-01
2.471414186782840972e-01 -8.746129287848973810e-01 7.764176653174565956e-01 -1.064636862415981655e+00
2.846863876836103202e-01 -7.410098891228740214e-01 8.943686641238459689e-01 -8.345730563475994845e-01
2.552037346750470892e-01 -4.460822650231111020e-01 8.017461780238066549e-01 -4.623831424570853943e-01
3.190019867069959769e-01 -6.072860991772035533e-01 1.002174297919247392e+00 -6.526401807547734801e-01
2.828716760570038069e-01 -1.669699302993403744e-01 8.886675794093149561e-01 -1.677556526791694480e-01
2.349035035510651515e-01 -4.016082903473905397e-02 7.379711210585301329e-01 -4.017163272581977113e-02
2.391778178593630955e-01 2.173451770982912645e-01 7.513992754886127390e-01 2.190938018132186360e-01
3.319819399735808307e-01 2.193418941967908431e-01 1.042952023745489232e+00 2.211398873264291964e-01
3.267210268766176373e-01 4.655404214315495004e-02 1.026424377808895283e+00 4.657087449625024050e-02
3.308027317474646622e-01 5.240858214303951712e-01 1.039247431845270020e+00 5.516413571284743966e-01
2.561761756716376404e-01 4.287718415058807686e-01 8.048011915147450512e-01 4.431328722169943779e-01
3.092835793915029718e-01 6.855349142948610197e-01 9.716430208923012568e-01 7.553381771957438096e-01
2.356334313415440196e-01 8.673992939606753882e-01 7.402642568427495462e-01 1.049951905099331340e+00
3.921508967233224840e-01 -9.228343347280612008e-01 1.231978376244639684e+00 -1.175374954009096751e+00
3.816341917877545953e-01 -7.491368287132140757e-01 1.198939173279087944e+00 -8.467580503772067502e-01
4.053254661403120629e-01 -5.836473806773769812e-01 1.273367506739262911e+00 -6.232132860512040740e-01
3.978503567454931833e-01 -4.166820702362277196e-01 1.249883757979719734e+00 -4.297923758852074116e-01
3.455936961668504281e-01 -3.028133885647599222e-01 1.085714617004720273e+00 -3.076432598349275738e-01
3.532211832978675581e-01 -1.092054436695304442e-01 1.109677074540874386e+00 -1.094236777969856828e-01
4.078348137101666104e-01 -2.433603656566900586e-01 1.281250854630021196e+00 -2.458288767600602387e-01
3.961043063934481800e-01 7.637034124598085505e-02 1.244398379020937417e+00 7.644477420061175643e-02
4.150833265276954176e-01 2.916021513933557685e-01 1.304022729247021228e+00 2.959013561457485841e-01
4.252081985416509280e-01 4.711734371389078024e-01 1.335830952784600845e+00 4.906206724006308417e-01
4.061184871001681795e-01 6.452516038965534495e-01 1.275858855560889626e+00 7.013525747875603011e-01
3.647095954327737033e-01 7.762083752254071989e-01 1.145768985705307497e+00 8.886294466851215601e-01
4.440680210005945039e-01 9.288580084225774858e-01 1.395080832469625554e+00 1.191317999863627186e+00
4.698872217190821488e-01 -7.499521851798092165e-01 1.476194243768386816e+00 -8.479897927306241368e-01
5.421505860746811400e-01 -6.602266763462452115e-01 1.703216298351619029e+00 -7.211205268510280098e-01
5.531039760918969872e-01 -8.176616516845347515e-01 1.737627387961608205e+00 -9.573374689537984539e-01
4.661136526209206377e-01 -4.856994780577243986e-01 1.464339226811789185e+00 -5.071631928606328277e-01
5.378819254784674708e-01 -3.432313295293185629e-01 1.689805905581885925e+00 -3.503550706676541449e-01
5.183307886851264978e-01 -1.295290263677710829e-01 1.628384197862596805e+00 -1.298939899522518204e-01
4.631607282663412484e-01 -1.646248132180117008e-01 1.455062341352836075e+00 -1.653776226845990460e-01
5.313421391594546073e-01 7.810338287524376533e-02 1.669260560926028036e+00 7.818300855465729060e-02
5.432870381524830261e-01 3.290849045436698983e-01 1.706786567850398395e+00 3.353343388437656225e-01
4.914103312667830181e-01 2.207125349900973532e-01 1.543811086605852090e+00 2.225449613680759997e-01
5.117071786465667849e-01 4.926122499599216997e-01 1.607575513225214081e+00 5.150889388937061053e-01
4.839802148421066263e-01 6.323905698659384456e-01 1.520468687430772015e+00 6.846353400754641161e-01
5.098309643791381074e-01 7.923545088476433573e-01 1.601681212266099719e+00 9.146588469578375014e-01
6.264580053576329632e-01 -9.166282438422472811e-01 1.968075867414055047e+00 -1.159562334517571180e+00
6.329303207650325280e-01 -7.459968563110792594e-01 1.988409245949657400e+00 -8.420304835707257407e-01
6.235599943703242776e-01 -5.436688651091088342e-01 1.958971497386303495e+00 -5.748022921012065911e-01
5.853355443262027169e-01 -2.396272159611418928e-01 1.838885845940181119e+00 -2.419818617878084221e-01
6.441677982478783981e-01 -2.701297182007362796e-01 2.023712822654646803e+00 -2.735277557348226307e-01
5.857968565800315552e-01 -4.222033023863369650e-02 1.840335101127820838e+00 -4.223288366348371126e-02
6.334277433882204988e-01 6.667016996852148658e-02 1.989971945208394155e+00 6.671965952365403740e-02
6.223285362606625348e-01 2.792071772028577037e-01 1.955102757635786670e+00 2.829683514743475681e-01
6.317840221277559731e-01 4.589957595942333324e-01 1.984808042571969411e+00 4.768645247995391689e-01
5.656391423243485317e-01 5.875194222157371637e-01 1.777007774109004679e+00 6.279899858788599021e-01
6.299141368039478106e-01 7.295203054379759688e-01 1.978933624575638373e+00 8.176203383268653146e-01
6.370676543566304861e-01 9.080425536068768011e-01 2.001407062766471956e+00 1.138587060646116811e+00
7.176429686024023979e-01 -9.729549228296272556e-01 2.254541878061677718e+00 -1.337696047475110506e+00
7.185730126216631763e-01 -7.979620440103485368e-01 2.257463697520102563e+00 -9.239062748151835036e-01
7.075407942561868779e-01 -6.585150559495134281e-01 2.222804961350323794e+00 -7.188438827840051282e-01
7.312416715853644611e-01 -4.435679299884880411e-01 2.297263463451300947e+00 -4.595757647687089831e-01
7.704126231662600244e-01 -1.647764693743798414e-01 2.420322637171964164e+00 -1.655313785932027437e-01
6.695577419047011869e-01 -9.996850039918414588e-02 2.103477683121980135e+00 -1.001357629219336715e-01
7.037830515579626134e-01 -2.529874409212531372e-01 2.210999664495501893e+00 -2.557669057422004566e-01
7.578382401825505266e-01 3.406871922581495848e-01 2.380819047966917790e+00 3.476477190152736929e-01
7.211096359878048645e-01 4.590290679117203787e-02 2.265432734852097507e+00 4.591904225397831774e-02
6.898905509221295862e-01 4.022829222270627447e-01 2.167355086557977373e+00 4.140090764041495230e-01
7.221101773858769057e-01 6.649889541035038931e-01 2.268576028357893293e+00 7.274790279873385446e-01
7.092474592204744965e-01 8.221312162931078138e-01 2.228166607464268978e+00 9.651445487043437410e-01
9.801318716821472155e-01 -9.983744034766726116e-01 3.079175087625847684e+00 -1.513769365773080189e+00
8.541137908910869658e-01 -8.768145448320194824e-01 2.683277610793167511e+00 -1.069196715252351382e+00
9.186458567691393462e-01 -9.511479319396844989e-01 2.886011074876629667e+00 -1.256933023472724509e+00
8.141601809003966572e-01 -7.762497417645639608e-01 2.557759643162023089e+00 -8.886950608882244751e-01
9.303090330238208416e-01 -7.567923589736855750e-01 2.922652023715859748e+00 -8.583918391170533013e-01
8.322366564159995317e-01 -6.128045209381325353e-01 2.614548565844637018e+00 -6.596047009986103493e-01
9.291282333987809228e-01 -4.114725672016279479e-01 2.918942432288472943e+00 -4.240691547996447985e-01
8.516603511377516256e-01 -4.122749598140009741e-01 2.675569902488064145e+00 -4.249497042153437265e-01
9.824446232786423483e-01 -5.433327437047277275e-01 3.086440811050974453e+00 -5.744018656689765523e-01
9.205169355760705052e-01 -6.307519858523360501e-01 2.891889242310771824e+00 -6.825219036436379616e-01
8.362000731674572584e-01 -2.512104059368420739e-01 2.627000006794131259e+00 -2.539305591599706480e-01
9.108808388525129196e-01 -2.339651428793732002e-01 2.861616551634762917e+00 -2.361540319945072408e-01
8.554658248859150493e-01 -6.641252655840168551e-02 2.687525150858723233e+00 -6.646144382119383021e-02
9.931990393947647267e-01 -3.340644618409362998e-01 3.120226805715032192e+00 -3.406124947572790607e-01
8.013025661134016708e-01 -1.256650570818806933e-02 2.517366255004512166e+00 -1.256683647597847328e-02
9.892449681593207256e-01 2.176407046545980606e-03 3.107804724569990906e+00 2.176408764731463819e-03
9.047711671888212237e-01 5.891631844879285929e-02 2.842422452020263446e+00 5.895045619127779052e-02
7.956179798023970129e-01 1.681092827894570263e-01 2.499507600411162933e+00 1.689113404855809020e-01
9.727538965815796246e-01 2.506513382989856709e-01 3.055996495251535716e+00 2.533530129262174801e-01
8.207541920943082214e-01 3.374119420539023473e-01 2.578475340286504380e+00 3.441662541649146978e-01
8.926212728335580771e-01 4.761077728216926985e-01 2.804252433171876557e+00 4.962233131114701101e-01
7.806247165519990538e-01 4.931531821692689554e-01 2.452404874730374829e+00 5.157106316458313078e-01
9.503184351297222499e-01 5.572866380990344481e-01 2.985513414374483698e+00 5.911143524929657334e-01
9.435394133983330267e-01 7.103638182434071080e-01 2.964216489504625685e+00 7.900149832716106824e-01
9.857791301906024817e-01 8.402333062443230194e-01 3.096916473468933173e+00 9.977133547118430812e-01
8.051320867425928451e-01 7.937385589774628158e-01 2.529397048879949761e+00 9.169309093659068211e-01
8.254999745478450723e-01 6.651799972494825131e-01 2.593384655578071296e+00 7.277348545820002679e-01
8.912414149709093625e-01 9.307686315191423532e-01 2.799917481847581158e+00 1.196509583452571857e+00
8.272252802572277464e-01 9.906490907633436205e-01 2.598804863319864378e+00 1.433934944832404357e+00
