-9.084206451148353345e-01 -9.769721659370409483e-01 -2.853887625062067279e+00 -1.355776508988776996e+00
-9.901547871644842402e-01 -8.716505343708456088e-01 -3.110663005272708670e+00 -1.058559861339136488e+00
-9.195823892757184481e-01 -7.655252339070288681e-01 -2.888953278519146295e+00 -8.718572681756564524e-01
-9.823841213956312490e-01 -6.443010529089543414e-01 -3.086250738779778846e+00 -7.001090022228710907e-01
-9.223899906635091295e-01 -5.529925686548096131e-01 -2.897773618413238328e+00 -5.859516912681824730e-01
-9.653020666534541938e-01 -3.898452729699490860e-01 -3.032585881093536440e+00 -4.004635659539212966e-01
-9.037516731690886651e-01 -2.836190423821414175e-01 -2.839219617097492598e+00 -2.875660287905406620e-01
-9.838753758368397051e-01 -9.346237825595116178e-02 -3.090935652776912068e+00 -9.359898493280209564e-02
-8.981419770056344731e-01 2.365844367813683125e-01 -2.821596236841513949e+00 2.388489769154025777e-01
-9.068738896919776860e-01 7.442019157834600662e-03 -2.849028349588717646e+00 7.442087853909697300e-03
-9.705702224940551126e-01 2.917109900430434610e-01 -3.049136280780334385e+00 2.960151418447342642e-01
-9.930205245197327724e-01 5.516934756248978999e-01 -3.119665984695075611e+00 5.843933096088942403e-01
-9.398581290240271002e-01 4.489969793267327702e-01 -2.952651393558531456e+00 4.656424889434128134e-01
-8.962118800036815713e-01 7.283801402448557560e-01 -2.815532658279463085e+00 8.159548092176641676e-01
-9.737610422756282080e-01 9.334783565974751340e-01 -3.059160536765053617e+00 1.203992470741199972e+00
-8.626210111043508544e-01 -9.198857946807468267e-01 -2.710003831317628009e+00 -1.167789184017561599e+00
-8.346846340143014853e-01 -6.455177978982404863e-01 -2.622239114283614558e+00 -7.017010611685483568e-01
-7.975031058819672669e-01 -8.488823619355161387e-01 -2.505429898653831255e+00 -1.013867281235417472e+00
-8.177620235674569749e-01 -4.541050651525622150e-01 -2.569075165624246093e+00 -4.713674820199821314e-01
-8.078983748870887105e-01 -2.140498149192482380e-01 -2.538087599392410354e+00 -2.157189956979929379e-01
-8.465292570089533175e-01 -4.526978173289286644e-03 -2.659450094868153425e+00 -4.526993635726759418e-03
-7.970698920580940872e-01 2.186691128657984873e-01 -2.504068917287317841e+00 2.204503669231691332e-01
-8.212933001320863458e-01 3.702583192774413501e-01 -2.580168998137479353e+00 3.792870882476124250e-01
-8.669190409412006471e-01 6.065595928580211904e-01 -2.723506490277984859e+00 6.517260611490727218e-01
-7.918154797264653766e-01 5.492195766579399674e-01 -2.487561694107341292e+00 5.814300706149069242e-01
-8.322581096097236841e-01 8.786145215657823471e-01 -2.614615963040436863e+00 1.072953077872229599e+00
-6.839835734835424397e-01 -8.957331658068046210e-01 -2.148797769631991539e+00 -1.110077548469462716e+00
-7.646306319078914893e-01 -7.468003167113475005e-01 -2.402157975911553223e+00 -8.432377888012775324e-01
-7.088457125504883383e-01 -3.487927918504114544e-01 -2.226904483077236208e+00 -3.562826933224012005e-01
-6.811506694130831097e-01 -6.232443639883380460e-01 -2.139897939015911632e+00 -6.728845382306328782e-01
-7.507332170501399560e-01 -5.714660389831693887e-01 -2.358497959490551299e+00 -6.082912354845148029e-01
-7.238105564363650490e-01 -8.174044010545844507e-02 -2.273917926691224611e+00 -8.183173966642845465e-02
-7.160491965414557125e-01 9.665178552876252382e-02 -2.249534895463511042e+00 9.680290150713889707e-02
-7.192230756614168552e-01 4.122041258755146931e-01 -2.259505930790163042e+00 4.248719566095413569e-01
-7.620868833004204035e-01 6.769829836686109825e-01 -2.394166553973742673e+00 7.436556513289571679e-01
-7.367549540803597363e-01 7.972076015786722092e-01 -2.314583951234743697e+00 9.226555549432727821e-01
-5.983110872383403667e-01 -9.756387304000662120e-01 -1.879649716229292000e+00 -1.349613917231470950e+00
-6.116615966754817002e-01 -7.204634986279379039e-01 -1.921591578598696337e+00 -8.044704409660313749e-01
-5.712494430757100172e-01 -5.311537080647694697e-01 -1.794633053733911243e+00 -5.599616532669412505e-01
-6.455223827227778433e-01 -4.317853575511865216e-01 -2.027968375289657565e+00 -4.464712252402936454e-01
-6.435104066560255465e-01 -2.151563457166008053e-01 -2.021647566059149970e+00 -2.168519222270915148e-01
-6.052264230181580995e-01 -4.738711046040311459e-02 -1.901374884312273972e+00 -4.740486333348633424e-02
-6.660412521873797509e-01 -1.222678398248078224e-03 -2.092430304859619117e+00 -1.222678702887259727e-03
-6.444790083058598018e-01 2.841054940773111159e-01 -2.024690517886524432e+00 2.880733490794609719e-01
-5.793426339417946380e-01 2.858164098515689755e-01 -1.820058562702902671e+00 2.898582695019980560e-01
-5.651216454645546783e-01 5.589607019403459720e-01 -1.775382009776020675e+00 5.931318864726879969e-01
-6.630063708713385129e-01 4.995581402795139514e-01 -2.082895944012626899e+00 5.230886350448310518e-01
-6.232030032980988565e-01 8.470075882795613520e-01 -1.957849976856403051e+00 1.010330518710530034e+00
-6.581799577475420104e-01 7.082985420153635747e-01 -2.067733319999718322e+00 7.870849912183227604e-01
-6.271059287639639823e-01 9.758949405561616608e-01 -1.970111378827473336e+00 1.350784831059693047e+00
-5.537151693795889784e-01 -8.681360358477645534e-01 -1.739547508304144730e+00 -1.051434373707509140e+00
-5.220805303313429402e-01 -6.581221168081914374e-01 -1.640164358671210243e+00 -7.183218705921993186e-01
-4.673892422814700520e-01 -7.483110505025261094e-01 -1.468346609918366186e+00 -8.455123104912825038e-01
-5.463691793905798288e-01 -3.528877929720684037e-01 -1.716469400121329425e+00 -3.606556657169138758e-01
-4.628289504193774384e-01 -4.359786535283336484e-01 -1.454020030506190775e+00 -4.511254354565726876e-01
-5.379316312776341036e-01 -7.710767994246436885e-02 -1.689962060955388701e+00 -7.718429359830325520e-02
-4.878261886231640698e-01 -2.346074256111674305e-01 -1.532551170407240981e+00 -2.368147027609386612e-01
-5.008298659827423727e-01 1.786109239475952570e-01 -1.573403427669744170e+00 1.795744920797350541e-01
-4.846721582853301680e-01 3.486483052579647524e-01 -1.522642491868702708e+00 3.561285293564181442e-01
-4.741624983694976425e-01 5.917686773121881849e-01 -1.489625421485396117e+00 6.332511735508395967e-01
-5.064983943622352047e-01 7.897422723606268846e-01 -1.591211634783423978e+00 9.103887478385206400e-01
-4.330329418316241075e-01 -8.751492119238533096e-01 -1.360413108820606398e+00 -1.065744113233716650e+00
-4.269595849766329998e-01 -6.380586201360203269e-01 -1.341333095542337261e+00 -6.919743109897847910e-01
-3.462914383660058437e-01 -5.275104501064005191e-01 -1.087906638771686696e+00 -5.556674514951582822e-01
-3.803642802272566570e-01 -3.621458152135057507e-01 -1.194949628449918810e+00 -3.705689437369503736e-01
-4.291804539293471166e-01 -2.626894317249424127e-01 -1.348310161128769558e+00 -2.658084709548144131e-01
-3.359978730332067176e-01 -2.138810310019185756e-01 -1.055568449542918286e+00 -2.155462102835600802e-01
-3.934891852056316974e-01 -7.361795534800541496e-02 -1.236182733509046061e+00 -7.368461473288849539e-02
-4.150769467279020741e-01 2.708244990715162892e-01 -1.304002686514859066e+00 2.742494362504524497e-01
-4.324020059751128020e-01 7.337641666222483039e-02 -1.358430965368904175e+00 7.344242101530348843e-02
-3.458277906021145487e-01 1.358438258332259618e-01 -1.086450046362792410e+00 1.362651339048522592e-01
-3.377669542527952373e-01 5.861320701414292067e-01 -1.061126182105981197e+00 6.262765984355592730e-01
-4.110789274910948699e-01 5.076941695528351950e-01 -1.291442538651594862e+00 5.325062593913391096e-01
-3.516414664228062481e-01 3.873930523250777025e-01 -1.104714247611430000e+00 3.978021530840916142e-01
-4.392755837598816271e-01 7.181393225640047007e-01 -1.380024946841411859e+00 8.011248429854024300e-01
-3.743811997037964634e-01 8.154727834205139914e-01 -1.176153226631580173e+00 9.535455658286019487e-01
-4.146853031346393603e-01 9.202964116508416392e-01 -1.302772301879439487e+00 1.168837467536434360e+00
-2.896566776651112729e-01 -8.704100513665919969e-01 -9.099832906159402990e-01 -1.056034591707925241e+00
-2.479191590736578021e-01 -9.602889952034496801e-01 -7.788610088299626755e-01 -1.288036176189341520e+00
-3.237934103327468893e-01 -7.312399284977824099e-01 -1.017226999182142988e+00 -8.201379401961086391e-01
-2.439287808066938901e-01 -7.829491687760812280e-01 -7.663248657814244469e-01 -8.993925510009084245e-01
-2.516593720070479101e-01 -5.427705585215933937e-01 -7.906112343043625312e-01 -5.737323578929502954e-01
-2.388112195190166265e-01 -3.878287967840634565e-01 -7.502475728357620444e-01 -3.982748516741874134e-01
-2.319826602476569022e-01 -2.158249744275364534e-01 -7.287950211942558765e-01 -2.175366377264688067e-01
-2.983980329228332895e-01 -5.005878286410725408e-02 -9.374450680760182397e-01 -5.007971337326221767e-02
-2.462866695603020961e-01 9.582885473849533930e-02 -7.737323917677420004e-01 9.597613293799314715e-02
-2.481154609614881767e-01 6.267766364166060811e-01 -7.794777093986563488e-01 6.774095283491097241e-01
-2.609808672675397734e-01 4.184680772152196138e-01 -8.198955753351958586e-01 4.317579537606458517e-01
-2.396419728590346576e-01 8.501832057036644574e-01 -7.528574614257078634e-01 1.016333173776254872e+00
-2.945730742774452793e-01 7.436232647771763293e-01 -9.254286060953825777e-01 8.384733414574370158e-01
-1.568839687890439816e-01 -8.765992825417558976e-01 -4.928655238136709915e-01 -1.068749207660592004e+00
-1.210943158737074477e-01 -6.962445648596453651e-01 -3.804290131403211817e-01 -7.701522951397067329e-01
-2.023055981824140037e-01 -6.711993031153375977e-01 -6.355617810299604153e-01 -7.358254929121373911e-01
-1.377487962097656560e-01 -4.388500870974079149e-01 -4.327506062134373055e-01 -4.543185447241006591e-01
-1.315236949783162856e-01 -8.202420810864574641e-02 -4.131938739168631858e-01 -8.211646377288117638e-02
-1.971410791888297265e-01 -2.216429896609706240e-02 -6.193369661003911286e-01 -2.216611409207830743e-02
-1.798608791568281351e-01 -3.107405980024282588e-01 -5.650496166272928056e-01 -3.159721043612852553e-01
-1.952562249327141064e-01 3.346408979105159887e-01 -6.134155218162908874e-01 3.412241317545866570e-01
-1.654296630772560395e-01 1.741968184894802096e-01 -5.197126142093422274e-01 1.750900570854274918e-01
-1.723862015305464013e-01 5.841879562696707939e-01 -5.415672243086141480e-01 6.238791730176860284e-01
-1.233004349586985793e-01 4.017554930527400536e-01 -3.873597406506735785e-01 4.134330484507083292e-01
-1.682998612238373326e-01 7.514672312991674819e-01 -5.287296076209890838e-01 8.502831227938126846e-01
-2.216832405446411691e-01 9.652039795140874290e-01 -6.964384399190236552e-01 1.306222299484804727e+00
-4.626085282161640500e-02 -8.275597705294963635e-01 -1.453327553731887378e-01 -9.747467940217823257e-01
-4.554499521061150524e-02 -6.071971793073569490e-01 -1.430838223614394056e-01 -6.525282638960363535e-01
-9.415340048181075616e-02 -3.033302101250729965e-01 -2.957916312641543644e-01 -3.081855883473612057e-01
-3.351771781057344413e-02 -1.366375843992517769e-01 -1.052990160387932972e-01 -1.370663633453471641e-01
-3.441034166616474543e-02 2.796770166530597734e-01 -1.081032765859379213e-01 2.834576847212114670e-01
-4.899307801283514507e-02 3.606379713506124851e-02 -1.539162939618745063e-01 3.607161912774343310e-02
-8.988412976276594080e-02 1.990743186958903177e-01 -2.823793217370171305e-01 2.004132422070157293e-01
-1.071369393714460827e-02 6.067781890347634377e-01 -3.365806216574300513e-02 6.520010405901572881e-01
-7.237780847318675548e-02 5.283064031391173643e-01 -2.273815913822925805e-01 5.566046372717636803e-01
-8.230706586093528010e-02 8.655730679661239879e-01 -2.585752734472455128e-01 1.046293587110392220e+00
-2.696746295534779847e-02 9.343274154384031416e-01 -8.472078350647553602e-02 1.206367294582463501e+00
9.809612234637254957e-02 -8.717136302503973866e-01 3.081780573090095454e-01 -1.058688609581474704e+00
4.249353191840121724e-02 -7.889283241519899903e-01 1.334973676999326453e-01 -9.090630174536972197e-01
4.066676094968779687e-02 -5.570012298999698075e-01 1.277583974448314730e-01 -5.907706594255344168e-01
3.183053493132903533e-02 -6.285649004963400621e-02 9.999857470009658467e-02 -6.289795416474913692e-02
1.007680171411191594e-01 -3.298297379377672645e-01 3.165720623673503042e-01 -3.361232148416494758e-01
2.665779107402954651e-03 -2.832278404707988528e-01 8.374792059910278821e-03 -2.871580996882375225e-01
6.018220438656629590e-02 2.364146971192002677e-01 1.890679711776760974e-01 2.386742814202819363e-01
4.981618380564878379e-03 1.309733495462688246e-01 1.565021570737050449e-02 1.313507231348854665e-01
7.192523225746794147e-02 6.034920837941097904e-01 2.259597812678008910e-01 6.478733962919893674e-01
2.029786532984312331e-02 4.225114809145771311e-01 6.376762460379012398e-02 4.362144966289355219e-01
9.606235706712218381e-02 4.205171018030071650e-01 3.017887952485905911e-01 4.340151892625599417e-01
5.323818426103565926e-02 7.512516534303912419e-01 1.672526885649293638e-01 8.499564367708224433e-01
8.687736432724224578e-02 8.776300600381055084e-01 2.729332895337082121e-01 1.070895408824760864e+00
1.598984039412869596e-01 -7.204329172492969224e-01 5.023356511426803062e-01 -8.044263443647081679e-01
1.709366011851662925e-01 -4.443585858900866992e-01 5.370131705129267408e-01 -4.604581489728805654e-01
1.410864144028156630e-01 -5.846230993321361868e-01 4.432360430092108783e-01 -6.244154189631775376e-01
1.982090629294641637e-01 -2.402751109511760408e-01 6.226921359741216522e-01 -2.426492547025668467e-01
1.145153254039157353e-01 -1.158502774982177463e-01 3.597605050123862669e-01 -1.161109985334679573e-01
1.943604939706289336e-01 5.213901389239383732e-02 6.106015000062111620e-01 5.216266595408756285e-02
1.147138638104716613e-01 8.579099348993923790e-02 3.603842318118777865e-01 8.589658188252569104e-02
1.565425727808911205e-01 3.725593592373288576e-01 4.917929966224930394e-01 3.817654044616096143e-01
1.969233455303809333e-01 5.907155925391147644e-01 6.186529356385691569e-01 6.319454169869392901e-01
1.872145972889804888e-01 7.533778518583680306e-01 5.881520034878326975e-01 8.531838055244215235e-01
3.196273575139547685e-01 -7.615342773545377142e-01 1.004138958252158709e+00 -8.656770907455115793e-01
2.290672392589032658e-01 -8.390623432056043551e-01 7.196359560338659866e-01 -9.955574026473956728e-01
2.555474172133120891e-01 -4.127047073259892951e-01 8.028258885611870843e-01 -4.254214554213932575e-01
2.610452997697363386e-01 -6.384250512844131809e-01 8.200979960107489530e-01 -6.924502970339481145e-01
3.222005186447183256e-01 -5.512122985092708927e-01 1.012222782357068196e+00 -5.838165011116009939e-01
2.578835659668559099e-01 -2.077992703486259973e-01 8.101651163230133568e-01 -2.093245796336122566e-01
3.094293859516876743e-01 -2.970325226982588607e-01 9.721010857106227032e-01 -3.015834076760526838e-01
2.853493035042715675e-01 3.381153483356391654e-01 8.964512755959838097e-01 3.449135800969687082e-01
3.251002052354443617e-01 2.259009753319163316e-02 1.021332416448206049e+00 2.259201930942484823e-02
2.276482500994154723e-01 2.936076190567504796e-01 7.151780701148955366e-01 2.979986140557427388e-01
2.595480927921904879e-01 4.095417266857803718e-02 8.153943815691875319e-01 4.096562967647478237e-02
2.659122587091093948e-01 5.789967443654417956e-01 8.353879984600065534e-01 6.174976617839700310e-01
2.378787893973779433e-01 9.033880042157773627e-01 7.473182572156361614e-01 1.127605601561593174e+00
3.337973628064041520e-01 -9.715264598357020720e-01 1.048655342780246080e+00 -1.331590560201552087e+00
3.659485268618467568e-01 -8.710826367488160304e-01 1.149661203581184843e+00 -1.057402380075707971e+00
3.907362980909421246e-01 -6.481889570570107395e-01 1.227534283573375351e+00 -7.052037009114360266e-01
4.309781314180729517e-01 -7.909026165428258981e-01 1.353957731520874397e+00 -9.122825980091361364e-01
4.208771213334658867e-01 -5.060880841539758812e-01 1.322224472445236332e+00 -5.306430725199530185e-01
3.576986686790375458e-01 -4.179104422939896590e-01 1.123743509720913858e+00 -4.311440617078439175e-01
4.425722727972762893e-01 -6.983204246388563519e-02 1.390381800902461107e+00 -6.988892353135824076e-02
4.170530114075738926e-01 -2.420876508312743702e-01 1.310210676795534379e+00 -2.445169285190606223e-01
3.583768876758821609e-01 -1.351421113900810322e-01 1.125874197538925925e+00 -1.355568882226241001e-01
3.912241750364404691e-01 3.876187129151209554e-02 1.229066994201208685e+00 3.877158436674312675e-02
4.436629660121891305e-01 1.997893975728823879e-01 1.393808314693751438e+00 2.011429803017878992e-01
3.698716806549604552e-01 2.108624885484298161e-01 1.161986154716533770e+00 2.124572029458693112e-01
3.722210445769993381e-01 4.046043840122472979e-01 1.169366899154619999e+00 4.165461817336781336e-01
4.232640827738214373e-01 5.533964124365502446e-01 1.329723332970659477e+00 5.864364674005788647e-01
4.418376469531650752e-01 7.525743473043708942e-01 1.388073905747464032e+00 8.519627624332577476e-01
3.464580162368207095e-01 7.162316415225185029e-01 1.088429958586889290e+00 7.983873886940241471e-01
3.501016720135570193e-01 8.364029927614295978e-01 1.099876840807294087e+00 9.906874771725259210e-01
5.032464044284696847e-01 -9.338384421233312249e-01 1.580995207097958266e+00 -1.204997834454212047e+00
5.327100990038957651e-01 -7.667263324985449380e-01 1.673558133523730396e+00 -8.737261291789477635e-01
4.682458783548006931e-01 -6.484150670742954148e-01 1.471037811513141724e+00 -7.055006735735038781e-01
4.942930909847742527e-01 -4.987880304527267938e-01 1.552867543357957958e+00 -5.221998781656376210e-01
4.795841030628524848e-01 -2.202028358994128077e-01 1.506657894960707456e+00 -2.220224055901716675e-01
5.252859955023359007e-01 -3.270904516862402911e-01 1.650234624503739589e+00 -3.332230181283485360e-01
5.303193309359612861e-01 1.058315612417706220e-01 1.666047314125070233e+00 1.060301215318465440e-01
4.870448596990166745e-01 3.197738839049057979e-01 1.530096553199102205e+00 3.254908311857879211e-01
5.122890803035200502e-01 5.023230205920776736e-01 1.609403611195810102e+00 5.262832522624373288e-01
4.968536485937518066e-01 6.564808394905596867e-01 1.560911772331415426e+00 7.161440335774498234e-01
4.471618521904223709e-01 8.844249170034885754e-01 1.404800389807035810e+00 1.085260289607822504e+00
6.417586443782807848e-01 -9.025899546892692804e-01 2.016144242556551447e+00 -1.125748216019821557e+00
5.963340829255348030e-01 -6.769219793595666612e-01 1.873438774004066554e+00 -7.435727680488334324e-01
5.653090658616441999e-01 -5.145465072038546417e-01 1.775970808318649841e+00 -5.404786875548285296e-01
6.657740086785814970e-01 -4.579181511548846562e-01 2.091590734615658587e+00 -4.756519801694011340e-01
5.708496187115168485e-01 -1.132381822657020365e-01 1.793376968448635811e+00 -1.134815961848321814e-01
6.285675819194540548e-01 -3.251907530533311164e-01 1.974703297642857347e+00 -3.312134377636859472e-01
6.268576407911647941e-01 -1.152654777937551778e-01 1.969331359156152761e+00 -1.155222546770363762e-01
6.278495516085744743e-01 1.601172965027326534e-01 1.972447538893143282e+00 1.608094814503779890e-01
5.613782769074517898e-01 3.036453410670245656e-01 1.763621870617347209e+00 3.085163180476719336e-01
6.164525616639111583e-01 4.538111033413998463e-01 1.936642839009952155e+00 4.710375670791231983e-01
5.813109218366869779e-01 7.099430054707664972e-01 1.826242121493646176e+00 7.894172776954250237e-01
5.649336696560822713e-01 8.223588833691859445e-01 1.774791466357071190e+00 9.655445726686379126e-01
6.088935863416207184e-01 9.756896900437210807e-01 1.912895617668778137e+00 1.349846323133356396e+00
6.639388887550576879e-01 8.707373409116745400e-01 2.085825535345460224e+00 1.056699763049549823e+00
7.759818393621549237e-01 -8.999947354675388311e-01 2.437818845859240913e+00 -1.119757437483441365e+00
7.705782508733294289e-01 -9.806734183150436213e-01 2.420842971959724199e+00 -1.373874223816363704e+00
6.718577419792495231e-01 -6.740711355828845619e-01 2.110703346459437135e+00 -7.397064912219560862e-01
6.978350918264784042e-01 -7.890519631271539769e-01 2.192313597899223421e+00 -9.092642508495556442e-01
7.292268555042007439e-01 -4.977722686635417393e-01 2.290933732052382599e+00 -5.210283175431799085e-01
7.669106943187800063e-01 -4.892641709933243099e-02 2.409321003231326586e+00 -4.894595811937334229e-02
6.921733541618784180e-01 -2.641252708266506044e-01 2.174526724445563275e+00 -2.672968736073039753e-01
6.768161751870391818e-01 2.660743253173343259e-01 2.126280723798344763e+00 2.693182514236464598e-01
7.029523298663469255e-01 1.883011515720767193e-02 2.208389875331944197e+00 1.883122811061092861e-02
7.306789670908038214e-01 1.931137702061869188e-01 2.295495675145047709e+00 1.943346685000907070e-01
7.771992519219435014e-01 3.247812080675354096e-01 2.441643460213460681e+00 3.307803862313169474e-01
6.980253681206955996e-01 4.960116673518479846e-01 2.192911368507288294e+00 5.189995358637643497e-01
7.182100555031343259e-01 6.694792855615836480e-01 2.256323434102964320e+00 7.335075791529526157e-01
9.168498545244336828e-01 -9.293844507989321713e-01 2.880368767418831411e+00 -1.192741684258254109e+00
8.276840951194064377e-01 -7.945304941383160013e-01 2.600246272720242668e+00 -9.182339877900266290e-01
9.154680699144774891e-01 -7.394571285588600329e-01 2.876027763039349594e+00 -8.322636007722806761e-01
8.731357493683591375e-01 -6.334116804952387714e-01 2.743036855802255758e+00 -6.859542083480844044e-01
9.316173045444064993e-01 -4.032818423998274504e-01 2.926762079913832526e+00 -4.151004397430310133e-01
8.157526886760828599e-01 -3.990173556670391086e-01 2.562762653890903408e+00 -4.104449437230648368e-01
7.933690685964609468e-01 -6.241641723841533373e-01 2.492442437488018303e+00 -6.740612750162595646e-01
9.392026465584255579e-01 -5.857308874921030029e-01 2.950592134660040777e+00 -6.257815315976373860e-01
8.850295029572390337e-01 -2.670937296398625538e-01 2.780402184700688117e+00 -2.703759314674997194e-01
9.523759989356668232e-01 -5.215889614523283591e-02 2.991977441711531682e+00 -5.218257529722134663e-02
7.790388102262049141e-01 -2.310598975729665217e-01 2.447422603067978208e+00 -2.331669188162921735e-01
8.901121391706685593e-01 -8.641972215665005841e-02 2.796369757289667746e+00 -8.652765433971254527e-02
9.557781693207103579e-01 -2.503342222502422665e-01 3.002665675199445161e+00 -2.530254537884613630e-01
8.020487330654373359e-01 1.659606777500604036e-01 2.519710407619379033e+00 1.667321190370487372e-01
9.668793093146579309e-01 1.270223691739262861e-01 3.037540935050902391e+00 1.273664509123876576e-01
8.644775425740340857e-01 1.828877878069647966e-01 2.715836296943943129e+00 1.839229828086948182e-01
8.269254105516676834e-01 4.263051780564015569e-01 2.597862794855842594e+00 4.404042521486311035e-01
9.175630561243210970e-01 4.089938421557344217e-01 2.882609356325566363e+00 4.213511955376707530e-01
9.413748347363741775e-01 6.056954471848465804e-01 2.957416265082098761e+00 6.506395875244700422e-01
8.641184899545555353e-01 6.165737688223027479e-01 2.714708299872337083e+00 6.643833571378442437e-01
8.833377158886046576e-01 8.301837440462298545e-01 2.775087278874428076e+00 9.794371952546035986e-01
9.615581301250863966e-01 7.730017169825320611e-01 3.020823957600509591e+00 8.835591627007682858e-01
8.049417172114559094e-01 6.962266134917480809e-01 2.528798985359462570e+00 7.701272867333880390e-01
7.844723975289802365e-01 8.655883704694287140e-01 2.464492721021016131e+00 1.046324145092770719e+00
9.185072067792598993e-01 9.901569140314903095e-01 2.885575493087003895e+00 1.430373563600611408e+00
