-9.499777215245628348e-01 -8.405237519940509383e-01 -2.984443031015536985e+00 -9.982492325973819636e-01
-9.901465364588100115e-01 -6.465655498310263205e-01 -3.110637084916375805e+00 -7.030737183878574825e-01
-8.718133638449085954e-01 -5.792057520953091121e-01 -2.738882459156570359e+00 -6.177540325752807204e-01
-9.198649786014527763e-01 -3.461544867856649610e-01 -2.889841059068856133e+00 -3.534690694245000708e-01
-9.545531546713412752e-01 2.989588064723225358e-01 -2.998817178176447218e+00 3.036013736708501609e-01
-9.221962972250052903e-01 1.496291970684482386e-02 -2.897165112529786146e+00 1.496347810187560572e-02
-9.897260316370326549e-01 8.274010958388533510e-03 -3.109316030057481139e+00 8.274105366737874792e-03
-9.995056050143031889e-01 7.233980330053475516e-01 -3.140039465934756358e+00 8.087113238240203339e-01
-9.434342305866301182e-01 5.585822575425702929e-01 -2.963886047956096004e+00 5.926755564153416422e-01
-9.390468635514404028e-01 9.509240105589824577e-01 -2.950102727909742040e+00 1.256208546423138728e+00
-7.724926971760284200e-01 -8.525752670958852697e-01 -2.426857382399975727e+00 -1.020893419381078138e+00
-8.599513286502107334e-01 -7.614641103454868887e-01 -2.701616776532283826e+00 -8.655688360318394281e-01
-7.714230324432020947e-01 -5.777911679213845186e-01 -2.423496931533524190e+00 -6.160198002883215951e-01
-8.213285726474388593e-01 -1.210021243361982801e-01 -2.580279810012584552e+00 -1.212993626579474266e-01
-7.603035398548176893e-01 -3.203452854162494035e-01 -2.388564015306209765e+00 -3.260939587791518712e-01
-7.417313715963784748e-01 -5.788005656500949669e-02 -2.330217827944263576e+00 -5.791242272096820687e-02
-8.379458697610537854e-01 -3.219371020744485890e-01 -2.632484588547236104e+00 -3.277748080450781365e-01
-8.300118207364106659e-01 1.239439253705041377e-01 -2.607559038418195918e+00 1.242634791541859102e-01
-8.587495624927461435e-01 3.334549890932683169e-01 -2.697841316800660305e+00 3.399659478172016303e-01
-8.300922479033145951e-01 5.246357090323030548e-01 -2.607811707814890578e+00 5.522871469967299829e-01
-8.264080962661939367e-01 8.067681465641669547e-01 -2.596237604097001217e+00 9.386618394971678603e-01
-6.900752607600504351e-01 -9.351706713387335501e-01 -2.167935369627835396e+00 -1.208740612101846024e+00
-6.425852992372396155e-01 -8.075037985041224609e-01 -2.018741255388510680e+00 -9.399079356033148702e-01
-6.706752183020052716e-01 -4.733242549895575468e-01 -2.106988338762310509e+00 -4.930607218384382429e-01
-6.643953065400618474e-01 -6.466395005095708637e-01 -2.087259414105796740e+00 -7.031706612983473770e-01
-6.506409151757368559e-01 -8.832504460471568564e-03 -2.044048719241034817e+00 -8.832619306397259881e-03
-6.333632567302005523e-01 -2.447709618520046426e-01 -1.989769354397304069e+00 -2.472834616291000598e-01
-6.392772400031938584e-01 3.414555332427615664e-01 -2.008348680801192998e+00 3.484650705474362509e-01
-7.101540833868209557e-01 2.640544149180013012e-01 -2.231014851284830236e+00 2.672234095851230840e-01
-7.278638724033488216e-01 5.481725746583772096e-01 -2.286651794355779366e+00 5.801777084974254484e-01
-6.589083188887476794e-01 6.531747009464745624e-01 -2.070021534010090480e+00 7.117695393202966292e-01
-6.162302586336789734e-01 7.903003246664981329e-01 -1.935944453443304125e+00 9.112989927810103419e-01
-6.731708037460291116e-01 9.382050485671002971e-01 -2.114828451659661379e+00 1.217406773910920892e+00
-5.167614958077413334e-01 -8.162942059297619846e-01 -1.623454118887672770e+00 -9.549661811756746665e-01
-5.230744315807644984e-01 -6.308232615700972712e-01 -1.643286791534786628e+00 -6.826137590602404659e-01
-5.674415136993504749e-01 -1.256403530521617018e-01 -1.782670090779751471e+00 -1.259732726662805835e-01
-5.722934205641287964e-01 -3.416697970939914786e-01 -1.797912805742040820e+00 -3.486930450108018942e-01
-4.733559305438532760e-01 1.394398490017012548e-02 -1.487091513929729825e+00 1.394443680549907645e-02
-5.102844489063826927e-01 3.344586495988515207e-01 -1.603105875925407986e+00 3.410307398287835690e-01
-5.908183350447313575e-01 1.527304963864299925e-01 -1.856110540982681023e+00 1.533305978743294828e-01
-4.880279086422532053e-01 6.043289003666507675e-01 -1.533184892537293287e+00 6.489232857945052002e-01
-5.656964424125416890e-01 5.401383365322933727e-01 -1.777187787645122530e+00 5.706014786262288974e-01
-5.349193031344383620e-01 8.858286228504945736e-01 -1.680498552990523198e+00 1.088276755116582617e+00
-3.982871003034624824e-01 -8.136253175391632286e-01 -1.251255828332938691e+00 -9.503607904358662983e-01
-3.753876414143066942e-01 -5.504981488187412619e-01 -1.179315056515585436e+00 -5.829608228917313451e-01
-4.436444800586862858e-01 -4.130635712643995205e-01 -1.393750239358032328e+00 -4.258154721330963399e-01
-4.644443337362968993e-01 -2.114119983587916529e-01 -1.459094906867356434e+00 -2.130193863886102601e-01
-3.953553996271432780e-01 -6.840824959515723336e-02 -1.242045619025690106e+00 -6.846171715148453851e-02
-3.508262531504631188e-01 1.931707786687164585e-01 -1.102153179583927889e+00 1.943927709882780908e-01
-3.341779113220810782e-01 4.038389297429230140e-01 -1.049850871201431168e+00 4.157093096513305164e-01
-4.381443592042397750e-01 2.399304441469942706e-01 -1.376471100087847121e+00 2.422942016986360803e-01
-3.440077208899434691e-01 5.869756420132599128e-01 -1.080732128726014318e+00 6.273181607507970492e-01
-4.135499367313153485e-01 7.219423614273290379e-01 -1.299205443127624093e+00 8.066052945463406676e-01
-4.123384163306533789e-01 4.418284704223300885e-01 -1.295399339537230299e+00 4.576358551871975155e-01
-2.595461415232422908e-01 -7.633775195654035617e-01 -8.153882514769947853e-01 -8.685258248257818892e-01
-2.553219924037284372e-01 -9.262224447890576862e-01 -8.021176956354622023e-01 -1.184265536672366448e+00
-2.625780487307751709e-01 -5.901679010719982355e-01 -8.249132688865459251e-01 -6.312668085229804493e-01
-2.024055475632515755e-01 -3.510331196824711952e-02 -6.358757812705305712e-01 -3.511052526768531495e-02
-2.644162520148050088e-01 -3.859412741605792174e-01 -8.306881548194587905e-01 -3.962279306233527643e-01
-3.262352498061829031e-01 -2.671124503535309280e-01 -1.024898264133135228e+00 -2.703953579862009571e-01
-2.576913640710485343e-01 -1.627799666651077448e-01 -8.095612962591388628e-01 -1.635075481056353364e-01
-3.087986623652232421e-01 2.666559232402554436e-02 -9.701196091249402187e-01 2.666875344746208812e-02
-2.453626511474438221e-01 3.993230365906970114e-01 -7.708295023101247034e-01 4.107783373805913296e-01
-2.437343465331078818e-01 1.530344403032004585e-01 -7.657140324959206268e-01 1.536381573452314520e-01
-2.347102235633995448e-01 6.868369013303770032e-01 -7.373639140691939931e-01 7.571280325025327995e-01
-2.847124503700133591e-01 8.242947398936724124e-01 -8.944505424679825012e-01 9.689553794956038413e-01
-9.512730534435354102e-02 -8.274206168364952596e-01 -2.988512436256141602e-01 -9.744989603429776714e-01
-1.189714199786673365e-01 -5.679707453110478532e-01 -3.737597389921272217e-01 -6.040382176380452162e-01
-8.399388986801925583e-02 -1.226611765486120831e-01 -2.638745873557994392e-01 -1.229708664735035539e-01
-1.651905778041131700e-01 -3.809346043272117122e-01 -5.189615056716551100e-01 -3.908069042533041104e-01
-8.434122966681512068e-02 -3.672930321458558467e-01 -2.649657875159959208e-01 -3.760969535440871758e-01
-1.844038232073765826e-01 2.884460135966384620e-01 -5.793216962821652327e-01 2.926034712815158700e-01
-1.029975824233895221e-01 3.519366734466260471e-01 -3.235764482788296981e-01 3.596393438714755031e-01
-1.369893456106328067e-01 3.305612280095382438e-02 -4.303647217904372213e-01 3.306214587394486898e-02
-1.247493002274115970e-01 6.013326871750028779e-01 -3.919114851349037587e-01 6.451680104942082439e-01
-1.628377102486842087e-01 8.506461876476631989e-01 -5.115697542446496771e-01 1.017213178858330735e+00
1.859685380649667152e-02 -6.122172439649866682e-01 5.842373929837332142e-02 -6.588617470101313378e-01
-6.592036731524175686e-02 -6.979240350777864421e-01 -2.070949416795042075e-01 -7.724946899020417312e-01
8.792302888993797083e-03 -1.669940976469304061e-01 2.762183416419922849e-02 -1.677801641695088886e-01
1.080401871122016466e-02 -3.757311068583299996e-01 3.394182581241593499e-02 -3.851855598493317268e-01
-2.523346188196651241e-02 3.774012522645315837e-01 -7.927325847302407746e-02 3.869884142089343171e-01
-5.501770559305052544e-02 9.466582857860128541e-02 -1.728432197084935895e-01 9.480779502215029575e-02
7.417977516732232601e-03 1.843132402681442183e-01 2.330426367106023730e-02 1.853730857931131792e-01
-4.070183708349883744e-03 7.343099774209538300e-01 -1.278685923691285503e-02 8.246496097585024332e-01
6.533220655854909964e-02 8.388072209046442129e-01 2.052471801671487406e-01 9.950886276829103982e-01
-4.561953558960341049e-02 9.452305779333078917e-01 -1.433179978684761824e-01 1.238300301954205596e+00
1.450769233819630966e-01 -9.144383732319756319e-01 4.557725967021845626e-01 -1.154118063559215646e+00
1.898531177884295040e-01 -6.981027071408594242e-01 5.964411601052478362e-01 -7.727442023669143234e-01
8.598065953879840961e-02 -7.398362306300929614e-01 2.701162083578942386e-01 -8.328269064091141649e-01
9.302584783757561482e-02 -4.887590899455853677e-01 2.922493201604894897e-01 -5.106668064135831964e-01
1.149665360060685426e-01 -2.288635324207255461e-01 3.611780249253313535e-01 -2.309100688087427078e-01
9.587565315740320671e-02 2.308985790012101358e-01 3.012022476174209817e-01 2.330011167371115743e-01
1.824667082655095918e-01 3.705374396187470776e-01 5.732360702116369167e-01 3.795875817321915369e-01
1.531305407652621131e-01 8.212437307018127797e-02 4.810737819083797939e-01 8.221696781356534200e-02
7.900995045250103210e-02 5.700909427573783717e-01 2.482170799020707863e-01 6.066165432637954380e-01
1.894344473101727822e-01 7.319152928491203802e-01 5.951258680064815954e-01 8.211285619533544855e-01
2.426225765548217783e-01 -8.212607758994558971e-01 7.622213040996552724e-01 -9.636172610456639198e-01
2.027039850887402128e-01 -4.732809907552468776e-01 6.368133504081612273e-01 -4.930116081599103528e-01
2.978085373622856302e-01 -4.926894372493990648e-01 9.355931131536779910e-01 -5.151776367664200329e-01
2.120919964586174267e-01 -4.976678567953918275e-02 6.663066579595848804e-01 -4.978735178237134879e-02
2.300078632134312517e-01 -2.596202756130365774e-01 7.225910133392016155e-01 -2.626289749601623535e-01
3.054995253713193026e-01 -1.689603383067166398e-01 9.597550645817053416e-01 -1.697747464474643475e-01
2.794034276541694783e-01 2.988419539534064029e-01 8.777717557061460729e-01 3.034789232474219833e-01
2.814841532915635103e-01 6.474359056145839730e-02 8.843085480827190814e-01 6.478890739615254801e-02
2.569850021516613126e-01 5.699193432556499683e-01 8.073421948424163164e-01 6.064076935635549503e-01
3.250803850269097239e-01 7.731862731479026696e-01 1.021270149426680929e+00 8.838501269913247027e-01
2.308371045272423761e-01 9.185506359396065079e-01 7.251961517587238726e-01 1.164398263476321915e+00
3.466339511610996293e-01 -9.319614828398194994e-01 1.088982674452513733e+00 -1.199785897321844264e+00
3.768696166626555044e-01 -7.500318893327835301e-01 1.183970819068600022e+00 -8.481102924388291830e-01
3.999247342830365426e-01 -5.900657294177049650e-01 1.256400607212437626e+00 -6.311402516137656349e-01
4.486800556109780125e-01 -3.370823999351122424e-01 1.409569966519708339e+00 -3.438162048002655902e-01
3.452106328166735238e-01 -3.354927408857166782e-01 1.084511187997944992e+00 -3.421282371540851908e-01
3.795371591559133506e-01 1.054567417996010725e-02 1.192351150968557372e+00 1.054586965600011299e-02
4.468617555002105668e-01 4.472023010128056697e-02 1.403857608249699851e+00 4.473514952241500892e-02
4.121718663679594385e-01 4.039814357184525750e-01 1.294876107397975318e+00 4.158650881674531008e-01
4.481549475109396496e-01 5.757757096835698363e-01 1.407920290770287242e+00 6.135525868235061075e-01
3.518092170209681235e-01 6.156709516822203021e-01 1.105241251658250601e+00 6.632371414834292711e-01
4.309202451830362879e-01 8.800478039277959130e-01 1.353775876550139312e+00 1.075962855263627782e+00
4.699494522255573958e-01 -8.713454730408918270e-01 1.476389746670358605e+00 -1.057937793697176776e+00
5.008869879197017649e-01 -7.009849661369254026e-01 1.573582881527254562e+00 -7.767776590762125455e-01
5.229632694895154366e-01 -4.876451821192264724e-01 1.642937565525560917e+00 -5.093904583723702917e-01
5.243192033790462503e-01 -2.571365515640882116e-01 1.647197357471664292e+00 -2.600579477280000051e-01
5.442683201488871525e-01 -4.278281281739815256e-02 1.709869356161401344e+00 -4.279587496868159091e-02
5.840313810109976078e-01 1.341739391059340036e-01 1.834788696050051460e+00 1.345798168603327960e-01
5.148818153853746971e-01 3.319660762964964373e-01 1.617548928681669329e+00 3.383870854453641108e-01
5.258668617887343188e-01 7.006669583054423445e-01 1.652059469761806731e+00 7.763318530449976329e-01
7.092878869415391030e-01 -8.289229810137257459e-01 2.228293614895767050e+00 -9.771794891383887016e-01
6.400600402461615879e-01 -9.174099419714083492e-01 2.010807920293728568e+00 -1.161522252674524580e+00
6.293463359903803678e-01 -7.410177691592363391e-01 1.977149825711032483e+00 -8.345847915024279251e-01
7.207796947025240097e-01 -5.541465060961716649e-01 2.264396193734143470e+00 -5.873372983251493595e-01
6.149462521193393982e-01 -4.245307069240094044e-01 1.931910628010693465e+00 -4.384435035488795651e-01
7.070791455258580438e-01 -6.964640448941938899e-02 2.221354649090583777e+00 -6.970283247259957682e-02
6.465206617302619030e-01 -1.707963505022032091e-01 2.031104561285802301e+00 -1.716378389036182506e-01
7.170993315310933980e-01 -3.438859654038672886e-01 2.252833991832234428e+00 -3.510521360792241419e-01
6.444397734331903660e-01 3.505566344166950454e-01 2.024567257898781669e+00 3.581653886024857569e-01
6.986471400534488563e-01 1.441906703589426186e-01 2.194864722643434352e+00 1.446950471585424502e-01
6.874715419534642713e-01 6.745279111096267322e-01 2.159755545753050399e+00 7.403250444496823901e-01
6.001826739834514868e-01 6.050586199731873283e-01 1.885529479398289077e+00 6.498394918123419073e-01
7.143826298913251716e-01 4.145361901720230335e-01 2.244299221918743203e+00 4.274330810319092455e-01
6.508245049561536266e-01 8.213160667493062395e-01 2.044625483546466338e+00 9.637141752774636139e-01
7.898702974801834475e-01 -4.258631059094439841e-01 2.481450723852528739e+00 -4.399156037586606227e-01
7.974120069153078916e-01 -6.584214391739102723e-01 2.505143702809424777e+00 -7.187194930451777930e-01
7.778623437124272400e-01 -2.285792622299460675e-01 2.443726624511100010e+00 -2.306180579707464706e-01
8.342135908688170787e-01 3.910495239063418449e-01 2.620759288598236925e+00 4.017716455271528320e-01
7.947779333626074916e-01 1.178088394883558543e-02 2.496868516687245965e+00 1.178115647581866147e-02
8.598653746777704665e-01 6.370747601037738406e-01 2.701346744163918512e+00 6.906972258304955314e-01
7.834915103906492373e-01 5.382558999307807124e-01 2.461411173193234880e+00 5.683662814190969526e-01
7.871349900832118607e-01 7.960757093559112096e-01 2.472857502228893001e+00 9.207829604635406895e-01
7.814769128364422723e-01 9.772912132328388513e-01 2.455082128316998347e+00 1.357276963562728644e+00
9.502513739164533124e-01 -9.807165587199186962e-01 2.985302735359537163e+00 -1.374094841566073422e+00
8.840232228649218538e-01 -8.739602029638959824e-01 2.777240862555210743e+00 -1.063292172020082749e+00
8.797646455734915438e-01 -4.776140733629670176e-01 2.763862147421709103e+00 -4.979370074091922782e-01
9.200372478940859189e-01 -6.519999040214516928e-01 2.890382259013031696e+00 -7.102190888683790337e-01
8.781888939620281498e-01 -2.266639152511731314e-01 2.758911777735253423e+00 -2.286510767180378878e-01
9.747179558893848128e-01 -2.872877805079772084e-01 3.062166769544151457e+00 -2.913940435452678224e-01
9.468198443943853793e-01 -7.060196524922401906e-02 2.974522267422432087e+00 -7.066075140794209064e-02
9.217747510735008198e-01 3.920639656759585812e-01 2.895840786237070308e+00 4.028741152112503832e-01
9.096075514934720552e-01 1.797607033357113693e-01 2.857616401421691155e+00 1.807431865690879436e-01
