-9.517785913124072739e-01 -9.087655096301436863e-01 -2.990100630311100627e+00 -1.140316237281904899e+00
-9.713139370825294439e-01 -6.578335588792372235e-01 -3.051472729067853162e+00 -7.179386785014755246e-01
-9.090560671004723758e-01 -7.768820623165400008e-01 -2.855883862104073856e+00 -8.896986871394373386e-01
-8.925387073815624905e-01 -5.937288802381226471e-01 -2.803993046154446667e+00 -6.356850385007433157e-01
-9.373685200720700550e-01 -4.282974244079724713e-01 -2.944830056364752036e+00 -4.426077988429559240e-01
-9.352301837600567325e-01 -1.924451175655934598e-01 -2.938112274716026651e+00 -1.936532335661604598e-01
-9.894250716251453692e-01 -2.799285238524866770e-01 -3.108370536295111730e+00 -2.837196556963342831e-01
-9.464684828859861732e-01 3.032528975722539322e-01 -2.973418432688891055e+00 3.081044541982840834e-01
-9.630773318340848377e-01 5.021767421809597565e-03 -3.025596670528820198e+00 5.021788528661499246e-03
-9.133953904570537574e-01 1.320132813038943365e-01 -2.869516248482660625e+00 1.323997637018963780e-01
-9.739915057565047274e-01 5.763246063358691273e-01 -3.059884559143495775e+00 6.142240904246761835e-01
-9.127126132307492590e-01 4.780285029387194573e-01 -2.867371240564464241e+00 4.984087772874309930e-01
-9.335595752496244071e-01 7.266212928568915874e-01 -2.932863903292627583e+00 8.133912882277875012e-01
-9.542502536567276650e-01 8.726962584361432906e-01 -2.997865586574172347e+00 1.060697500091951850e+00
-8.121115967422274373e-01 -9.105571100757456904e-01 -2.551323826220458280e+00 -1.144629751900244630e+00
-8.206424764152808748e-01 -7.094457705323831131e-01 -2.578124375129981605e+00 -7.887114889730864054e-01
-7.989477020885087377e-01 -8.228141291846911010e-01 -2.509968231483705736e+00 -9.663451598784056351e-01
-8.441200668443704647e-01 -4.712419040028317241e-01 -2.651881400745999429e+00 -4.906982972682129018e-01
-8.081653863852242825e-01 -2.966749141292477354e-01 -2.538926440753377367e+00 -3.012089182306619262e-01
-8.588833002293205787e-01 -1.224875152948128321e-01 -2.698261466291390409e+00 -1.227958857482741029e-01
-7.889218782007030306e-01 2.273796298850387920e-01 -2.478471176811590126e+00 2.293859799263201216e-01
-8.289409703665104878e-01 9.708000843330255591e-02 -2.604194862763023810e+00 9.723314767263392666e-02
-8.760952689447343289e-01 2.991060000344625269e-01 -2.752334460761551416e+00 3.037556253330530032e-01
-8.417871361734823310e-01 4.729258014263564291e-01 -2.644552282889002903e+00 4.926084452231789257e-01
-8.333950841617983052e-01 6.584141015207829462e-01 -2.618187873940553079e+00 7.187097439890293149e-01
-8.119836607468593481e-01 9.562710955413424863e-01 -2.550921903437280314e+00 1.273975246762297120e+00
-7.020409172516419716e-01 -8.688477068692679328e-01 -2.205526588157198375e+00 -1.052870054061934679e+00
-7.410653715352819582e-01 -7.288038133423193621e-01 -2.328125527045032506e+00 -8.165733571093299892e-01
-7.690282312984839663e-01 -5.104283541260308255e-01 -2.415973441850469250e+00 -5.356828490404609289e-01
-6.893529509916758169e-01 -6.201013962551280567e-01 -2.165666166565893391e+00 -6.688719425592155599e-01
-7.245876897269580841e-01 -3.989807855539491133e-01 -2.276359362927812047e+00 -4.104050614393536800e-01
-7.074411761053354120e-01 -3.253830187356632209e-02 -2.222492001699444941e+00 -3.254404621697726263e-02
-6.844652539257549684e-01 -2.637576295100887425e-01 -2.150311013370624025e+00 -2.669157159431404525e-01
-7.610661165152294849e-01 -1.070560081732963020e-01 -2.390959720540358546e+00 -1.072615647145997025e-01
-7.529760655023558513e-01 7.265127127237036575e-02 -2.365544075711147887e+00 7.271533496370295724e-02
-6.750725622578068741e-01 1.782266752570569324e-01 -2.120803002229164402e+00 1.791839774381820127e-01
-6.728198480720952723e-01 3.832223631779614337e-01 -2.113725891892695330e+00 3.932824867313270967e-01
-6.682370871665415102e-01 5.587751645524396960e-01 -2.099328723898648885e+00 5.929081470752337601e-01
-7.526617695944943787e-01 5.805697584653761734e-01 -2.364556685995957253e+00 6.194282842416928281e-01
-7.713684655987183003e-01 4.224128283361270331e-01 -2.423325504735764468e+00 4.361056542923033574e-01
-6.829239818945260776e-01 7.956111094440960763e-01 -2.145468964480131913e+00 9.200156638983201240e-01
-7.776380666033744227e-01 8.126704763037126966e-01 -2.443022037192931428e+00 9.487203295137071057e-01
-7.293155726823645768e-01 8.999529304368378835e-01 -2.291212445287549304e+00 1.119661542050207848e+00
-6.386427461656021265e-01 -7.328839471442123443e-01 -2.006355359622266743e+00 -8.225512234227123631e-01
-5.629442582576442700e-01 -6.184641287553793720e-01 -1.768541546122770480e+00 -6.667866967843114612e-01
-6.195383798155129629e-01 -4.629871159105869438e-01 -1.946337222645338594e+00 -4.813623181172986820e-01
-5.842388807626104352e-01 -1.219936555328988703e-01 -1.835440575745340031e+00 -1.222982942931075123e-01
-6.521306909542963215e-01 -8.018727067599606961e-02 -2.048728987882453279e+00 -8.027345428523785520e-02
-5.788530462722367709e-01 -3.012498948838362445e-01 -1.818520477676931701e+00 -3.060031703016863336e-01
-6.035401037685812486e-01 1.860074969998437577e-01 -1.896077156146196208e+00 1.870971548105234139e-01
-5.991424071841493504e-01 4.389882065963468527e-01 -1.882261384863828102e+00 4.544722624938596356e-01
-5.766773816544294995e-01 6.676126236588499907e-01 -1.811685425696953011e+00 7.309975121983504076e-01
-5.807322467819284739e-01 8.089890438056701605e-01 -1.824424160192801292e+00 9.424302452842742150e-01
-5.514201185799549876e-01 -8.761707132953073796e-01 -1.732337393572399131e+00 -1.067859341700988729e+00
-4.556128883424448439e-01 -9.351062562553755786e-01 -1.431350102897451348e+00 -1.208558793652979801e+00
-4.567349292208209288e-01 -6.952106185352551204e-01 -1.434875098277985206e+00 -7.687128709150469197e-01
-5.319420941683647985e-01 -7.485082349846550187e-01 -1.671145375174504677e+00 -8.458096168168512952e-01
-4.732445908593641004e-01 -4.380203887627096559e-01 -1.486741729994885519e+00 -4.533953885811879414e-01
-5.389678370151089748e-01 -4.808701573551930064e-01 -1.693217397287847259e+00 -5.016468758791781113e-01
-5.183408138600951176e-01 -7.824207702293195510e-02 -1.628415692878629306e+00 -7.832212843296167126e-02
-4.640911696876284243e-01 -1.201502704821935108e-01 -1.457985409286547629e+00 -1.204412480367738902e-01
-4.987578423864842403e-01 -2.873328380699939899e-01 -1.566893973561674924e+00 -2.914410844674770740e-01
-4.926353738713775687e-01 3.266036483065890561e-01 -1.547659671452780827e+00 3.327079243752598114e-01
-5.364467785463942207e-01 1.135161738137504539e-01 -1.685297258523262620e+00 1.137613918508143945e-01
-5.119958313521091320e-01 5.362548740390222779e-01 -1.608482342444384816e+00 5.659937649472347454e-01
-4.947314866180596571e-01 7.595187907351237389e-01 -1.554244803858853219e+00 8.625730256250280226e-01
-5.456723784320054449e-01 9.553597012994665683e-01 -1.714280335348857820e+00 1.270874883594511173e+00
-5.201326605169793726e-01 8.882809675815448447e-01 -1.634044945172256291e+00 1.093588797503438181e+00
-4.089522994248497856e-01 -8.426396749125699692e-01 -1.284761539541761532e+00 -1.002166687360511510e+00
-3.744038588151137326e-01 -6.916837643360822518e-01 -1.176224412329231361e+00 -7.638178937976277671e-01
-4.066465331519064641e-01 -4.496809843730700251e-01 -1.277517761157787701e+00 -4.664081422653011400e-01
-3.785695894199461176e-01 -3.308275228150336922e-02 -1.189311440994206936e+00 -3.308878992728494367e-02
-4.171465592787655385e-01 -2.439206857617430835e-01 -1.310504566100428869e+00 -2.464066064070302986e-01
-3.350689557903112625e-01 -1.432463348306594053e-01 -1.052650169956845128e+00 -1.437408052339894382e-01
-3.811844983285281874e-01 2.196158786266699803e-01 -1.197526419611214976e+00 2.214207192109899081e-01
-4.239167775984109543e-01 9.432943220295686437e-02 -1.331773834236626097e+00 9.446988653360496868e-02
-4.201469530186536794e-01 3.831352872326894143e-01 -1.319930581031538264e+00 3.931882154532578832e-01
-4.192587524893862660e-01 6.184876221102950655e-01 -1.317140216773877270e+00 6.668165940122324775e-01
-3.589471353281015187e-01 7.079808588045046758e-01 -1.127665683373864969e+00 7.866350610925781917e-01
-4.023534180800638627e-01 8.435531525128190378e-01 -1.264030542387071243e+00 1.003865352903831276e+00
-3.186780077875852601e-01 -8.975144301236968047e-01 -1.001156488126108801e+00 -1.114100375680731725e+00
-2.719450161153595946e-01 -7.726920410481039614e-01 -8.543404648083715580e-01 -8.830711709140770527e-01
-3.308650947247808727e-01 -4.307671057342428167e-01 -1.039443350916662512e+00 -4.453426180482315533e-01
-2.274950228326761970e-01 -5.171935854310150127e-01 -7.146966924593778359e-01 -5.435686640371786282e-01
-3.049466986363387200e-01 -5.894000845736961924e-01 -9.580183081723823157e-01 -6.303160239624651107e-01
-2.556285239765319073e-01 -6.404797012928664657e-02 -8.030806929726749255e-01 -6.409184014325079726e-02
-2.802373300193330419e-01 -2.411721402123514491e-01 -8.803915372503551273e-01 -2.435734615012741244e-01
-2.971610372343826967e-01 7.009206026362435615e-02 -9.335589315086596507e-01 7.014958003056209757e-02
-3.139482125119645861e-01 2.388409219936125094e-01 -9.862973980352350845e-01 2.411720524919972741e-01
-2.535992091918433111e-01 2.424420571275904823e-01 -7.967054125532760933e-01 2.448822166967254965e-01
-3.304459546934612746e-01 4.220216548372814902e-01 -1.038126583673443459e+00 4.356741310705689041e-01
-2.583168949333336517e-01 5.564647442387207210e-01 -8.115264594206874627e-01 5.901248292008269836e-01
-2.684138511347617939e-01 8.501995882925534875e-01 -8.432469828467119566e-01 1.016364291357168437e+00
-2.741642860761246414e-01 7.076872536375380385e-01 -8.613125070134435290e-01 7.862194127277506439e-01
-1.951271802145215783e-01 -6.594606690792361725e-01 -6.130101158776326553e-01 -7.201010905798841399e-01
-1.272776424104251625e-01 -5.989889428996861831e-01 -3.998545063628203833e-01 -6.422378854817768490e-01
-1.778587358276535468e-01 -4.219824520290820224e-01 -5.587596978529241198e-01 -4.356308892551815082e-01
-1.752651762635994981e-01 -2.404458912642717383e-01 -5.506117901798444070e-01 -2.428251928735703780e-01
-1.467745337422186047e-01 -4.504848098042946170e-02 -4.611057969386211930e-01 -4.506373155147744974e-02
-1.897697805316795883e-01 1.900498556760135127e-01 -5.961793483916719705e-01 1.912129274731257100e-01
-2.012270723938367478e-01 1.232983357468064867e-02 -6.321734923358589553e-01 1.233014600279363181e-02
-1.351998796918649770e-01 2.418937075701850237e-01 -4.247429488061868486e-01 2.443170444170431888e-01
-1.192435255197599187e-01 4.051650827003061561e-01 -3.746145837610247997e-01 4.171593909286854807e-01
-2.062722372874998822e-01 4.034680479432950495e-01 -6.480233453019402790e-01 4.153039353341171358e-01
-1.792855764631957616e-01 6.890977637257531541e-01 -5.632422499113869385e-01 7.602432812408579377e-01
-1.235375539101555287e-01 8.509388107741810980e-01 -3.881046718065976342e-01 1.017770024086717573e+00
-9.679894648281939240e-02 -9.438503312989507954e-01 -3.041028591456569341e-01 -1.234097215662233848e+00
-2.867622837976346872e-02 -6.798868379453730793e-01 -9.008902841052804367e-02 -7.476083082982908357e-01
-1.077833193332562445e-01 -8.237578725020575643e-01 -3.386112841968805243e-01 -9.680077736699551627e-01
-9.546654285808298113e-02 -4.587773309994367388e-01 -2.999169897065686041e-01 -4.766186836556727813e-01
-7.632072952952118072e-02 -2.400724872571480262e-01 -2.397686432065573303e-01 -2.424405213631896649e-01
-8.041951361335186732e-02 -1.805719180507159294e-02 -2.526453531729705992e-01 -1.805817324362463117e-02
-5.875035412514040267e-02 1.504603786777680696e-01 -1.845696809153398732e-01 1.510339362523956119e-01
-5.023644674471561267e-02 3.277123173377818333e-01 -1.578224520356534544e-01 3.338811568789930018e-01
-3.246545107001175268e-02 5.108184287146040337e-01 -1.019932225770278089e-01 5.361365272921335690e-01
-9.610687303087450672e-02 5.581588742227439059e-01 -3.019286462732823639e-01 5.921652049321719513e-01
-4.152222237700220475e-02 7.076653070055280992e-01 -1.304459087803118422e-01 7.861883504656028698e-01
-2.653975788575690942e-02 9.117624674561111142e-01 -8.337710840194569040e-02 1.147555015229250630e+00
5.983092964864100693e-02 -9.252065450727695595e-01 1.879644090416183189e-01 -1.181579540893216818e+00
1.878454610181812257e-02 -8.324913746517565993e-01 5.901339203449060267e-02 -9.835893669621470492e-01
3.108262608503276070e-03 -4.197343581411545621e-01 9.764894976301738763e-03 -4.331526293621543178e-01
7.078043950408163809e-02 -5.850415108765911754e-01 2.223633087638796635e-01 -6.249312414097770718e-01
9.228332625661428423e-02 -4.075096712913188757e-01 2.899166198166094888e-01 -4.197253647670384225e-01
9.346093824962387053e-02 -1.359026310148894190e-01 2.936161970026276435e-01 -1.363244895369153109e-01
7.526326316858789056e-03 -2.584421886708865301e-02 2.364465146556309766e-02 -2.584709672631942817e-02
1.557660338906430297e-02 -2.183111880367916147e-01 4.893534277496628532e-02 -2.200835802146130504e-01
7.426592270153831166e-02 4.866409670013704947e-02 2.333132771712201903e-01 4.868332487121231761e-02
1.320719504974721126e-02 1.484401029440254316e-01 4.149162694281332414e-02 1.489907132116142507e-01
8.560712867128228432e-02 2.350355015566574224e-01 2.689427265286165603e-01 2.372550926649200365e-01
4.656406245087940654e-02 6.105677807988003636e-01 1.462853165169790692e-01 6.567773204974424184e-01
8.729673542650617790e-02 4.473103442539525521e-01 2.742507826982836239e-01 4.637557803216109109e-01
1.269020156732869609e-02 3.443772681560002269e-01 3.986744401649350983e-02 3.515753989958609882e-01
3.538184258337606636e-02 8.063287261662621663e-01 1.111553367304047579e-01 9.379185305651551730e-01
2.096164765303760724e-01 -8.026595500285995666e-01 6.585295827392068091e-01 -9.317409926138868759e-01
1.115444870939235056e-01 -7.174126965412639390e-01 3.504273412027115731e-01 -8.000812508462009642e-01
1.581382702902625059e-01 -3.628768652181273424e-01 4.968060281952857427e-01 -3.713533495542158391e-01
1.801624039555955736e-01 -1.337712087312821208e-01 5.659968847199757791e-01 -1.341734228570602427e-01
1.460568566839151039e-01 2.450586694532779219e-01 4.588511479646049662e-01 2.475802067218716151e-01
2.140529648708231480e-01 2.029502857883989098e-01 6.724672219172920240e-01 2.043699741224308253e-01
1.507175775552951347e-01 3.664359960254315318e-02 4.734932344145650895e-01 3.665180511454383533e-02
2.076379749028729460e-01 4.011097974819650691e-01 6.523139365611274609e-01 4.127280548205720101e-01
1.169763707421498378e-01 6.281865033260261022e-01 3.674921069671339691e-01 6.792202278035860408e-01
1.952441510523248436e-01 5.569217231429042236e-01 6.133775906023596347e-01 5.906749302406294477e-01
1.276517846038718318e-01 7.558687730082116474e-01 4.010299087291503972e-01 8.569800369358246961e-01
1.711185681080080734e-01 8.780849632243332703e-01 5.375848364609228103e-01 1.071845257584544964e+00
2.731586476089746807e-01 -9.221249638777035962e-01 8.581532005928779183e-01 -1.173537418644464259e+00
3.157833416274293814e-01 -7.276026852566637171e-01 9.920626261827680814e-01 -8.148208086839189290e-01
2.308366303889712867e-01 -5.738231295125200138e-01 7.251946622094145312e-01 -6.111664267048115828e-01
2.482667019081057358e-01 -3.846656769046379321e-01 7.799528468454720587e-01 -3.948456036315834972e-01
3.118665507597582209e-01 -5.746854511114511954e-01 9.797576647672446848e-01 -6.122197379749155788e-01
3.277478507324937951e-01 -2.496473796176221782e-01 1.029650240091046554e+00 -2.523160874900209349e-01
2.381081503049038428e-01 -2.187919841132563992e-01 7.480388157577401165e-01 -2.205762872950420839e-01
2.475843881735744212e-01 1.005896308119424987e-04 7.778092950296250363e-01 1.005896309815747377e-04
2.721274529028756550e-01 1.904305112012854018e-01 8.549136068797765775e-01 1.916006640091889035e-01
3.224753969445148805e-01 2.842943291120703098e-01 1.013086338004340448e+00 2.882703056083409932e-01
3.147094696540235770e-01 4.954445367277493517e-02 9.886889578802203760e-01 4.956474516736422004e-02
2.706996769937217717e-01 5.912280693713294344e-01 8.504281165726061964e-01 6.325806987695711259e-01
2.703045482257611098e-01 3.984107244449370810e-01 8.491867829379590171e-01 4.097834590702701396e-01
2.553824646066207293e-01 7.696726896999890322e-01 8.023076746638150292e-01 8.783283200778876365e-01
4.361092077314374649e-01 -7.074400544219570097e-01 1.370077483171948884e+00 -7.858695940678391834e-01
4.058603710037684831e-01 -8.642827365393104255e-01 1.275047959928667041e+00 -1.043722666804917765e+00
3.596987836946146100e-01 -4.709989978288489088e-01 1.130027056360185300e+00 -4.904229149493327666e-01
4.184024167622011348e-01 -3.699729810880647562e-01 1.314449958744345892e+00 -3.789799379919979172e-01
3.779725965677223076e-01 -1.487460646736082914e-01 1.187435932635415137e+00 -1.493001097310912573e-01
3.699206444226956769e-01 1.620057998276855926e-01 1.162139978929542794e+00 1.627229668553276942e-01
4.282892368454940257e-01 2.073597515997331886e-01 1.345510320085383071e+00 2.088752741758955478e-01
4.217358959387791373e-01 1.881882646830757011e-03 1.324922392436377994e+00 1.881883757608206848e-03
4.263272666961883672e-01 4.481071455504586076e-01 1.339346609077761929e+00 4.646468781288933259e-01
3.563046484730814090e-01 6.232563774307426918e-01 1.119364066082926268e+00 6.728999002496510728e-01
3.567349868913447519e-01 4.526470068456283080e-01 1.120716014096299729e+00 4.697316389203468612e-01
3.564595851595540044e-01 8.363705081093470994e-01 1.119850814038920062e+00 9.906282137253148434e-01
3.513322815789494680e-01 9.724344524453876204e-01 1.103742914777368300e+00 1.335453470303707979e+00
5.350921218650503963e-01 -7.457102780068114445e-01 1.681041479045016551e+00 -8.416002568225133817e-01
5.265052713818076935e-01 -4.415043040820718634e-01 1.654065092649387392e+00 -4.572745379767420015e-01
4.459114621535869016e-01 -5.291897553922955133e-01 1.400872173653191721e+00 -5.576453705332723443e-01
4.596474514050681304e-01 -2.089638960045598903e-01 1.444025056575433563e+00 -2.105153455322093803e-01
5.299004659657677863e-01 -1.539834454724020585e-01 1.664731411011864282e+00 -1.545985457895281689e-01
5.238431944501165116e-01 1.014572128497905901e-01 1.645701931317495426e+00 1.016320835062902855e-01
4.931537088577455652e-01 3.294075750905525179e-01 1.549288068838053256e+00 3.356760625042672919e-01
5.347188708507044641e-01 6.122823610451684218e-01 1.679868876400402611e+00 6.589441044312663864e-01
4.510899917915225377e-01 6.711940552276134397e-01 1.417141004320127351e+00 7.358184134110076213e-01
5.537374390717608730e-01 7.689573619570955199e-01 1.739617470605469673e+00 8.772086425713980784e-01
4.848459670690905554e-01 9.050650865708662618e-01 1.523188528266893549e+00 1.131532742958101467e+00
5.724019691862616277e-01 -9.386463412469205903e-01 1.798253821295890731e+00 -1.218684103780009576e+00
6.555117946865707257e-01 -6.845695779080307464e-01 2.059351038528791200e+00 -7.540130643948288469e-01
5.650887332968868026e-01 -8.498093849254348964e-01 1.775278613151861418e+00 -1.015623551736305696e+00
5.940170099283348382e-01 -4.857946320134427509e-01 1.866159474498231940e+00 -5.072720522803706444e-01
5.600142789879933858e-01 -6.121899990095145405e-01 1.759336744774064876e+00 -6.588272902625187388e-01
6.231760360444345004e-01 -2.704169320597353821e-01 1.957765256730403580e+00 -2.738260718357414247e-01
6.656866483940611090e-01 -7.870573586361473417e-02 2.091316284187593855e+00 -7.878722154693178215e-02
5.882783286675279388e-01 5.063839689632732011e-02 1.848130875607987500e+00 5.066006346853373782e-02
5.776429711608648265e-01 2.508678229652545610e-01 1.814718914596753718e+00 2.535766426993970590e-01
6.464298709769662477e-01 1.635889331941349223e-01 2.030819333722234887e+00 1.643275057167047359e-01
5.998359001881499175e-01 5.476703327157756984e-01 1.884440057390512235e+00 5.795773210765879924e-01
6.339623106788065954e-01 7.245413465018397670e-01 1.991651337881348960e+00 8.103687047805633314e-01
6.307524602358087762e-01 9.588668505678754617e-01 1.981567295310505017e+00 1.282982938083304436e+00
5.943171220252259079e-01 8.671441869810734282e-01 1.867102304457078255e+00 1.049439472291820330e+00
6.883201577547417571e-01 -9.896968759985875774e-01 2.162421550920064384e+00 -1.427124024893201559e+00
7.425039390374688075e-01 -9.261915298456360190e-01 2.332644920141595524e+00 -1.184183537520437035e+00
7.612066338844380997e-01 -7.009855856547009267e-01 2.391401168875165961e+00 -7.767785277509817732e-01
7.005463908815638963e-01 -8.295109606698909399e-01 2.200831395092364584e+00 -9.782314691429128128e-01
6.671322005360649232e-01 -5.305318959141043234e-01 2.095857620177294045e+00 -5.592279258706909228e-01
7.437141160127318518e-01 -5.218916000356965679e-01 2.336446803236625680e+00 -5.490670045315262371e-01
7.235524919806306521e-01 -8.179582272996510639e-02 2.273107193292936756e+00 -8.188730836942856306e-02
7.656115868197228558e-01 -3.211849462934752708e-01 2.405239736656065386e+00 -3.269804637015585325e-01
7.004413039139401054e-01 -3.192907328107055243e-01 2.200501254646889837e+00 -3.249809497446128903e-01
7.707478001282830338e-01 2.796450594455377470e-01 2.421375626653508029e+00 2.834243993889540847e-01
7.273309773622926855e-01 9.416335102083239761e-02 2.284977655209663006e+00 9.430306280262426566e-02
7.669829441418034577e-01 5.730474423408378204e-01 2.409547982744560279e+00 6.102196016474359386e-01
6.723303119831287589e-01 3.834859556679601766e-01 2.112187968911931168e+00 3.935678830990775312e-01
6.709235938790130138e-01 5.685094928108940238e-01 2.107768633650369150e+00 6.046929410395700533e-01
7.688712735102880558e-01 8.579273631795822919e-01 2.415480344416149450e+00 1.031221816288455662e+00
9.279098618393395448e-01 -9.526075068352193309e-01 2.915114805147989152e+00 -1.261695570418112755e+00
8.603966552442412485e-01 -8.813127260870745605e-01 2.703015811288538295e+00 -1.078633103543094940e+00
9.707414930899713745e-01 -8.169355496463328592e-01 3.049674343226241202e+00 -9.560773435263347775e-01
9.519911124254385459e-01 -6.510349044163883381e-01 2.990768285078532429e+00 -7.089470654533707172e-01
8.491486859068964055e-01 -7.638243629093988130e-01 2.667679273450532573e+00 -8.692178665918655067e-01
9.924909463572753054e-01 -4.833519240426935593e-01 3.118002265830397413e+00 -5.044795885839632454e-01
8.585942061636231415e-01 -3.607264892422923364e-01 2.697353250498398580e+00 -3.690467097739245639e-01
8.058824836558833304e-01 -5.737948200350155847e-01 2.531754490310019534e+00 -6.111318603411193262e-01
8.853284563871770541e-01 -5.736525492495367917e-01 2.781341374599946903e+00 -6.109581579133251950e-01
8.183006366107268281e-01 -2.096742859292590744e-01 2.570767268404110517e+00 -2.112418289791393455e-01
9.669384028667138420e-01 -1.345293167546435242e-02 3.037726582919916041e+00 -1.345333749685165108e-02
8.642909235369822252e-01 -7.997933943965040982e-02 2.715250015948120765e+00 -8.006485305770612293e-02
9.174316558976551850e-01 -2.667631022316576672e-01 2.882196550338792740e+00 -2.700328560313685067e-01
9.763696282312961383e-01 2.283992915978527716e-01 3.067355651239637382e+00 2.304331971084969677e-01
7.962622030789867633e-01 8.805328014727531460e-02 2.501531487524168540e+00 8.816746408010184277e-02
8.916644472320716108e-01 2.400346584447488052e-01 2.801246476891479986e+00 2.424015531049587835e-01
9.192681560871087676e-01 8.466780918055927252e-02 2.887966085842295971e+00 8.476929571786880058e-02
8.357081568864037635e-01 3.137742652075679040e-01 2.625454606219392417e+00 3.191654483794768571e-01
9.140836129142968502e-01 4.795043522179243123e-01 2.871678363098371101e+00 5.000898098375318179e-01
8.190727225356724261e-01 4.681025976133803557e-01 2.573192847873859268e+00 4.871423795432565096e-01
8.023559638443160669e-01 7.337440003890058904e-01 2.520675601577261116e+00 8.238162123366457035e-01
9.068806743645714263e-01 7.488889188014498099e-01 2.849049664266294801e+00 8.463838780397766604e-01
9.343724598839566742e-01 8.581421432946427785e-01 2.935417655688061789e+00 1.031640008714603818e+00
9.903035182323265406e-01 9.814101382511029037e-01 3.111130257702802826e+00 1.377675917969035879e+00
8.627166769414797987e-01 9.230868064568387155e-01 2.710304374408751826e+00 1.176030904675357425e+00
