-9.704205319893104420e-01 -6.784243013062178917e-01 -3.048666014190316353e+00 -7.456157350668515260e-01
-9.378746575784109307e-01 -8.024148850328907123e-01 -2.946420134236378718e+00 -9.313308951228730370e-01
-9.915908641110517951e-01 -4.968648426306556676e-01 -3.115174574058034995e+00 -5.199823752041137226e-01
-9.472752670736113156e-01 -5.400309918746000193e-01 -2.975953019965766444e+00 -5.704739319363136829e-01
-9.260732964428337599e-01 -3.009299102264906267e-01 -2.909345064790489044e+00 -3.056676144265134676e-01
-9.903569346250564731e-01 -3.237874842978889500e-01 -3.111298070249784331e+00 -3.297298934015607808e-01
-9.629779887320260023e-01 -4.125848592430216843e-01 -3.025284574969207441e+00 -4.252898832045980404e-01
-9.374002002909260778e-01 -3.539187267601184850e-02 -2.944929582707573879e+00 -3.539926539652449300e-02
-9.603249534603308657e-01 -1.849956305400006773e-01 -3.016949818849935294e+00 -1.860674161246549663e-01
-9.223638654807635451e-01 1.806013066106839648e-01 -2.897691543731050867e+00 1.815977765437423175e-01
-9.977594905484359344e-01 1.991479745952466907e-01 -3.134553885556460973e+00 2.004884030586134847e-01
-9.846264403904165796e-01 4.444719063325752728e-02 -3.093295191660800914e+00 4.446183828706255781e-02
-9.879270542586930937e-01 4.605752274354033560e-01 -3.103664375941715292e+00 4.786431451138483117e-01
-9.612049442604388982e-01 2.581599901561995036e-01 -3.019714391482781313e+00 2.611171462176687386e-01
-9.253832269758177631e-01 4.687734982764180103e-01 -2.907177147622445279e+00 4.879017496244093532e-01
-9.949316232454608055e-01 3.386788577046038196e-01 -3.125669878412107305e+00 3.455124189322595352e-01
-9.403047836331022147e-01 6.305271578538294008e-01 -2.954054600397093999e+00 6.822322051562655920e-01
-9.987425292236187246e-01 6.244523727636426269e-01 -3.137642192636609817e+00 6.744302054745490160e-01
-9.950335199894491112e-01 7.806071027629000181e-01 -3.125989996474445753e+00 8.956365590966739454e-01
-9.644214822207051174e-01 8.786506811926055871e-01 -3.029819443508746435e+00 1.073028805088398929e+00
-9.221258283256770216e-01 -9.279118662333929457e-01 -2.896943727953349867e+00 -1.188771992423119483e+00
-8.628762664772682278e-01 -8.738187809331754430e-01 -2.710805739721974472e+00 -1.063001254779244231e+00
-9.119383018089619597e-01 -6.734616123905428076e-01 -2.864938669490186385e+00 -7.388816345392469342e-01
-8.563249399608869883e-01 -6.528109319690764689e-01 -2.690224140466843217e+00 -7.112892300632849274e-01
-9.073272839586137284e-01 -4.786113290144426990e-01 -2.850452729685961195e+00 -4.990724479902977073e-01
-8.701322410500802462e-01 -2.802679511906385201e-01 -2.733601056134554952e+00 -2.840732363976989916e-01
-8.576624205298504222e-01 -4.532624817188506405e-01 -2.694425959596618014e+00 -4.704219942327786952e-01
-8.617431456815887181e-01 -8.348947776294135537e-03 -2.707245935754638122e+00 -8.349044773138643294e-03
-9.139681342191512403e-01 -1.870883907341951424e-01 -2.871315576078055543e+00 -1.881973617945001120e-01
-8.483295850287526640e-01 1.635406393922391732e-01 -2.665105992149207292e+00 1.642785526439390908e-01
-8.957444782991319521e-01 6.388090829396464443e-02 -2.814064272518174814e+00 6.392443549288434612e-02
-9.075557662949389481e-01 3.559967075047281160e-01 -2.851170528115235303e+00 3.639804331615859034e-01
-8.535939079986116784e-01 3.903022375580196268e-01 -2.681644350517440323e+00 4.009598438935957354e-01
-8.844361328247258847e-01 6.223767585896311516e-01 -2.778538057451525489e+00 6.717755967327120326e-01
-8.793330692478635857e-01 5.099986703022771906e-01 -2.762506310407653043e+00 5.351832444296504843e-01
-9.005915813581593099e-01 8.087300758399094125e-01 -2.829291895879607832e+00 9.419898249591956985e-01
-8.791333897953108600e-01 7.207522326064235152e-01 -2.761878998906440508e+00 8.048868785025613537e-01
-8.632463629169084829e-01 9.275117115756399411e-01 -2.711968431977868299e+00 1.187700044981565117e+00
-7.789082663751218938e-01 -8.417260073883821025e-01 -2.447012487464444774e+00 -1.000472173428139211e+00
-7.720666973059848726e-01 -6.837801934127285541e-01 -2.425519064337816388e+00 -7.529307043682309519e-01
-8.155796158360275605e-01 -7.566621802130124586e-01 -2.562218929528049749e+00 -8.581927070279117276e-01
-8.141647520003194582e-01 -5.037905088495340244e-01 -2.557774003695959308e+00 -5.279812365110730932e-01
-7.936551795188584446e-01 -3.073223474344606299e-01 -2.493341281459934056e+00 -3.123779226900307293e-01
-7.838328034182300286e-01 -5.620522537888850145e-02 -2.462483376861404061e+00 -5.623485983292701024e-02
-8.424904486453141939e-01 -1.402434343405210004e-01 -2.646761804183687783e+00 -1.407072746347215464e-01
-8.035994351081703346e-01 -1.729751226794260521e-01 -2.524582081764735531e+00 -1.738495283757647836e-01
-8.221981638785853530e-01 -1.366697343856215774e-02 -2.583011711435980740e+00 -1.366739894124956861e-02
-7.948832004336521262e-01 7.837137395828963626e-02 -2.497199222944304520e+00 7.845182362163581613e-02
-7.675301653558568304e-01 2.334652275458670712e-01 -2.411267128890518752e+00 2.356398771898883804e-01
-8.080125201208492314e-01 2.487785721858926102e-01 -2.538446197220234790e+00 2.514189749605753588e-01
-8.067601235291068651e-01 3.665252443433710816e-01 -2.534511677288236342e+00 3.752716031165371224e-01
-8.375021781009766020e-01 5.821758067351967547e-01 -2.631090690087478645e+00 6.214021968087203307e-01
-7.924145331402674408e-01 5.374550699133013865e-01 -2.489443675911249709e+00 5.674163468000762434e-01
-8.234960669319650872e-01 7.438680997335875844e-01 -2.587089194133549874e+00 8.388396071722787894e-01
-7.977556069226865443e-01 8.673209459631892049e-01 -2.506223154068378811e+00 1.049794478974444001e+00
-7.760555607529329158e-01 9.566467140415040316e-01 -2.438050448438921602e+00 1.275262200484549302e+00
-7.419421276717497182e-01 -9.540745044336249592e-01 -2.330879937682349468e+00 -1.266555006716465925e+00
-7.569181922446881483e-01 -9.003852683254409683e-01 -2.377928632124378883e+00 -1.120654189253659450e+00
-7.069280557525872144e-01 -7.885215655440558358e-01 -2.220879986568843556e+00 -9.084013482741093437e-01
-6.914436736856428567e-01 -5.355954020954163397e-01 -2.172234365621953600e+00 -5.652126457671488025e-01
-7.500138525675856815e-01 -5.686108361726351923e-01 -2.356238009316905302e+00 -6.048161336323302217e-01
-7.134536653023328956e-01 -6.362634010878094326e-01 -2.241380793590519893e+00 -6.896450665030215976e-01
-7.383999202674951245e-01 -4.540285463309519098e-01 -2.319751764923651649e+00 -4.712815991907998714e-01
-7.084897711233573148e-01 -3.235063161174041024e-01 -2.225786260104653191e+00 -3.294327313439910920e-01
-7.560481391296576259e-01 -2.420831649538126573e-01 -2.375195279649966018e+00 -2.445123051182812590e-01
-7.001280077579246086e-01 -1.577108709408470144e-01 -2.199517005744753728e+00 -1.583720817846580031e-01
-7.386245268199227443e-01 -9.566703714184443541e-02 -2.320457387218706202e+00 -9.581356845673037748e-02
-7.267273533197924351e-01 3.354118379801040994e-02 -2.283081314352213731e+00 3.354747601751188052e-02
-7.270172608051501673e-01 1.998826156062554205e-01 -2.283992085578434583e+00 2.012381173097448628e-01
-7.659075419947483088e-01 4.418979182647704285e-01 -2.406169507259717122e+00 4.577132704154960874e-01
-7.065173593495759352e-01 3.016152495184765137e-01 -2.219589745766287869e+00 3.063863474688765520e-01
-7.225585554497089280e-01 4.513993010236048153e-01 -2.269984649589258829e+00 4.683328751043057681e-01
-6.902321266742559303e-01 6.335068018249259136e-01 -2.168428178431502040e+00 6.860771396907340280e-01
-7.561288721086258935e-01 6.233459486442309849e-01 -2.375448909783595131e+00 6.730144440977343656e-01
-7.286107666681562733e-01 7.129455307827201604e-01 -2.288998231891106627e+00 7.936898733055419708e-01
-7.261184453381490655e-01 8.428025960679248474e-01 -2.281168373510370717e+00 1.002469317727135323e+00
-6.275073767700414251e-01 -8.840853767903398275e-01 -1.971372564934164462e+00 -1.084533228974793095e+00
-6.524448744767028519e-01 -6.731034035619127831e-01 -2.049716024528324354e+00 -7.383971661208298398e-01
-6.136785799572903599e-01 -7.926222702216967342e-01 -1.927928118459239837e+00 -9.150978813809528267e-01
-6.452728209420401928e-01 -4.880272422516436226e-01 -2.027184353832675257e+00 -5.098281313481837218e-01
-6.560191332618103832e-01 -3.809208711187894725e-01 -2.060944889669646951e+00 -3.907920511958225540e-01
-6.721925409530049578e-01 -2.479131082964847188e-02 -2.111755148455816578e+00 -2.479385102643960267e-02
-6.655747218562293455e-01 -2.246899872952685673e-01 -2.090964656598599980e+00 -2.266248768580277351e-01
-6.839531456803749077e-01 1.953479772161905714e-01 -2.148702177869095564e+00 1.966122506803471004e-01
-6.422999101469759609e-01 1.642852550091484787e-01 -2.017844679119123796e+00 1.650333774305679513e-01
-6.489750003135754675e-01 3.261225158905254329e-01 -2.038815093348562257e+00 3.321989212230041510e-01
-6.759546922402783764e-01 4.168536268204174888e-01 -2.123574295301608128e+00 4.299811043107188424e-01
-6.376200485348366698e-01 5.283346041614529476e-01 -2.003142460258610313e+00 5.566378522623532943e-01
-6.152468284451797498e-01 7.103793318690780900e-01 -1.932854916387796385e+00 7.900370250931465499e-01
-6.715764402002462052e-01 7.228342894219401682e-01 -2.109819610857078587e+00 8.078951633060642568e-01
-6.252384918687181603e-01 8.497926947525240582e-01 -1.964244652796326651e+00 1.015591887802895332e+00
-6.698002524630963794e-01 9.146733649621909823e-01 -2.104239552510652533e+00 1.154699065440083938e+00
-5.535725374946800503e-01 -9.746815748443948824e-01 -1.739099417022347049e+00 -1.345292493093020125e+00
-5.749492887656433293e-01 -6.844541339853020823e-01 -1.806256461772821620e+00 -7.538547054791044921e-01
-5.339103850716893085e-01 -6.182453938079648381e-01 -1.677328943416516616e+00 -6.665083723142539718e-01
-6.065404971140737622e-01 -6.061908344910804658e-01 -1.905503169838275168e+00 -6.512623183515434677e-01
-5.877480101773919774e-01 -5.017424320141294913e-01 -1.846464830935313550e+00 -5.256119340871673318e-01
-5.995278585363175150e-01 -3.892093386952435452e-01 -1.883472316000115887e+00 -3.997730947333946738e-01
-5.604370709942296802e-01 -3.397604012929136275e-01 -1.760664985034853247e+00 -3.466621323254818754e-01
-6.095173832501841193e-01 -2.702113360662861119e-02 -1.914855333454052788e+00 -2.702442289671542347e-02
-6.058589660212725381e-01 -1.916676407638737700e-01 -1.903362076763937871e+00 -1.928610085977117694e-01
-5.695509694044762483e-01 -8.663783796472812604e-02 -1.789297141326047669e+00 -8.674659130384793082e-02
-5.386151828786862605e-01 1.665952718622831785e-01 -1.692109501643603631e+00 1.673756721154943117e-01
-5.994624195875284389e-01 1.349388985990069845e-01 -1.883266733479341370e+00 1.353517968100221569e-01
-5.599815228311255666e-01 2.924470490237562892e-01 -1.759233838272289185e+00 2.967847607025077550e-01
-6.071824463024997343e-01 4.304100173634781701e-01 -1.907519912692612118e+00 4.449469734470198889e-01
-6.008734800695467726e-01 3.101280874808041155e-01 -1.887699710723421020e+00 3.153277598726149100e-01
-5.609050964063626576e-01 6.137331869893194458e-01 -1.762135330231303643e+00 6.607804149997201781e-01
-5.712119500127541549e-01 5.134455504152841687e-01 -1.794515265802768544e+00 5.391952106489842356e-01
-5.497917924075172991e-01 7.792781372246733174e-01 -1.727221856031420977e+00 8.935131033679066803e-01
-5.561239876144477012e-01 8.966416682181406195e-01 -1.747115033974609988e+00 1.112125225507608839e+00
-5.984937361815341195e-01 9.549553377567483459e-01 -1.880223524807415281e+00 1.269509239943477974e+00
-5.030517613056195714e-01 -9.396760802482819752e-01 -1.580383717693140566e+00 -1.221682118311812504e+00
-5.258663723532854828e-01 -8.912480673444584944e-01 -1.652057932154996411e+00 -1.100089751368298341e+00
-5.180282567168121854e-01 -8.144160880220392418e-01 -1.627433765653464537e+00 -9.517222265303132422e-01
-5.216503150117455245e-01 -7.127028823056613671e-01 -1.638812797383701003e+00 -7.933438962741765632e-01
-5.077902113418550911e-01 -4.997726450018669109e-01 -1.595269997516380434e+00 -5.233362685491257382e-01
-4.728272465929974633e-01 -6.296083012649931199e-01 -1.485430604313650260e+00 -6.810489350974112677e-01
-5.086344896888699285e-01 -3.248390544687473902e-01 -1.597922376168947167e+00 -3.308415489197384374e-01
-5.143246193603265848e-01 -2.042278337245861941e-02 -1.615798445742768763e+00 -2.042420332904792968e-02
-5.331438621595330218e-01 -1.992271705147814487e-01 -1.674920840666878297e+00 -2.005692184060176020e-01
-4.747106730970938049e-01 -1.024987174132994117e-01 -1.491347563182495728e+00 -1.026790462941022525e-01
-4.865426014782523456e-01 1.586966052105514002e-01 -1.528518662462543976e+00 1.593703882809049954e-01
-5.316629785513355966e-01 4.555103557619994969e-01 -1.670268507602543639e+00 4.729454150781112753e-01
-4.895644251391459978e-01 3.148059639601563653e-01 -1.538012001476051216e+00 3.202522170447354988e-01
-4.727934763463141898e-01 5.590296357833786089e-01 -1.485324511954760229e+00 5.932150223402007372e-01
-5.092108508036652381e-01 6.340109306755148388e-01 -1.599733068013002857e+00 6.867288641745574740e-01
-4.838710564115846768e-01 8.221937670368073547e-01 -1.520125756107366888e+00 9.652544308788926219e-01
-4.931407889607775097e-01 7.465257200142136895e-01 -1.549247479784653159e+00 8.428249871123931758e-01
-4.654983453607393074e-01 9.302041712394173434e-01 -1.462406182043503033e+00 1.194968713444977793e+00
-4.623914975406338002e-01 9.744423676114541966e-01 -1.452645731756037950e+00 1.344225163905441667e+00
-4.371524049848882765e-01 -8.922864133814567555e-01 -1.373354783999634954e+00 -1.102384473472394433e+00
-4.274231476021419507e-01 -8.114464403856294084e-01 -1.342789420481115048e+00 -9.466228525033896224e-01
-4.419882899039937474e-01 -7.246066343083108485e-01 -1.388547164535102407e+00 -8.104634350313890678e-01
-3.811153305784735768e-01 -7.557796149405100472e-01 -1.197309122715777940e+00 -8.568438708919643432e-01
-4.251590012791046647e-01 -5.461388385479126750e-01 -1.335676395026008656e+00 -5.777480044212344179e-01
-3.982603947741276684e-01 -6.402016969844088745e-01 -1.251171930438170321e+00 -6.947607924725094364e-01
-4.334779851911170212e-01 -3.133012451933518960e-01 -1.361811253769318331e+00 -3.186673101021535448e-01
-4.533330569763434070e-01 -4.444098309771011834e-01 -1.424187801426283650e+00 -4.605153526015589582e-01
-4.096009935125655144e-01 -1.445527665887458291e-01 -1.286799472122156285e+00 -1.450609770457403080e-01
-4.466667178461942722e-01 -1.959581460433994504e-01 -1.403244879388668931e+00 -1.972344445495494147e-01
-4.147087340267854305e-01 3.315910721186066112e-02 -1.302845912198072664e+00 3.316518677267558945e-02
-4.408216044045476512e-01 1.336686532130448857e-01 -1.384881913940992915e+00 1.340699379576898997e-01
-3.840386086655243059e-01 2.214141501463824380e-01 -1.206492871678456646e+00 2.232643752351872735e-01
-4.542201697518719605e-01 3.668240721634630219e-03 -1.426974748404789661e+00 3.668248948319517352e-03
-4.031411277474410415e-01 4.673309125287219423e-01 -1.266505205291265090e+00 4.862693124739585482e-01
-4.482427617143660559e-01 4.430293568041532293e-01 -1.408196167226652529e+00 4.589749293917926853e-01
-4.246098846478916222e-01 2.768975000317135393e-01 -1.333951294251425779e+00 2.805638544935578627e-01
-4.341506972945112786e-01 6.575956676104575127e-01 -1.363924641171322616e+00 7.176228659062645621e-01
-3.781461852035861160e-01 5.713065902651945915e-01 -1.187981277418591386e+00 6.080969472359520900e-01
-4.299553738071706377e-01 7.752678031916866441e-01 -1.350744643724060667e+00 8.871389704020247180e-01
-3.589894447192785165e-01 -8.531200235808855670e-01 -1.127798602246364634e+00 -1.021936695156724362e+00
-3.730588724209134011e-01 -9.366461551387466056e-01 -1.171999012954033415e+00 -1.212929498401737360e+00
-3.294650762915161124e-01 -7.060046998655076234e-01 -1.035045063291827772e+00 -7.838407971114882411e-01
-3.047526837855967230e-01 -4.855143565251347493e-01 -9.574087925426039147e-01 -5.069514262809192706e-01
-3.559363433418429867e-01 -5.796885044171895540e-01 -1.118207001388348276e+00 -6.183463595889434616e-01
-3.102009703676640306e-01 -6.202776972814787459e-01 -9.745250896434783927e-01 -6.690966867493701731e-01
-3.702953590361826031e-01 -3.771249588691401033e-01 -1.163317179606466079e+00 -3.866900754004897189e-01
-3.182555853331014983e-01 -3.652564755017440046e-01 -9.998294088463911544e-01 -3.739082996220506883e-01
-3.728840645328193037e-01 -6.405111133053575934e-02 -1.171449837777007508e+00 -6.409498780753543346e-02
-3.331334887767112285e-01 -1.469802957352024375e-01 -1.046569721005653708e+00 -1.475147151748577024e-01
-3.677293268509398416e-01 -2.286418636595721754e-01 -1.155255751744432402e+00 -2.306823623107513155e-01
-3.288467874184977102e-01 -6.835860962695505805e-03 -1.033102651510556802e+00 -6.835914202633951511e-03
-3.535747317841633208e-01 1.256302436915497367e-01 -1.110787779868108949e+00 1.259630825643442698e-01
-3.472972979281909733e-01 3.906660895312470405e-01 -1.091066639782790393e+00 4.013550732711562152e-01
-3.399967051001344664e-01 2.583431403563416495e-01 -1.068131150987317701e+00 2.613067274488958813e-01
-3.232111780927675593e-01 6.245954496069847650e-01 -1.015397862654340955e+00 6.746134011236500916e-01
-3.353398315544258157e-01 5.111860032375210583e-01 -1.053501151267422831e+00 5.365641486742698252e-01
-3.656514868441198551e-01 7.891412635807366627e-01 -1.148728024843671758e+00 9.094096276122055622e-01
-3.083009540189221021e-01 7.253972855066481706e-01 -9.685560122405703076e-01 8.116113915562641612e-01
-3.641498744729987358e-01 6.888160756515246952e-01 -1.144010570450018083e+00 7.598546399743655311e-01
-3.713266586228656241e-01 8.929632983945561264e-01 -1.166557102811639712e+00 1.103885993985144420e+00
-3.335400377330735022e-01 9.470355418210938403e-01 -1.047846932220286131e+00 1.243875188955746225e+00
-2.422372080637928971e-01 -9.222503000679040941e-01 -7.610106332793139527e-01 -1.173861500202769248e+00
-2.866859273582154088e-01 -8.077659680403053155e-01 -9.006504032761466494e-01 -9.403525297415515904e-01
-2.558464683004997298e-01 -6.716691406157311306e-01 -8.037653852597438364e-01 -7.364594967602673403e-01
-2.664326474072153950e-01 -5.760625786510757962e-01 -8.370228477709875659e-01 -6.139034940211529623e-01
-2.240815362942341071e-01 -3.865502690378557205e-01 -7.039729082270804739e-01 -3.968881621914261415e-01
-2.654794944993810191e-01 -2.865262438612714568e-01 -8.340284295979872864e-01 -2.905990855982267251e-01
-2.732178805169083180e-01 -4.082329407719145209e-01 -8.583392862612930774e-01 -4.205175206021236067e-01
-2.971452412313289049e-01 -2.079388600242906282e-01 -9.335093069015097944e-01 -2.094672865040862475e-01
-2.244620676200932419e-01 -4.595122469507706420e-02 -7.051683826448602588e-01 -4.596741119701017869e-02
-2.630794597741057395e-01 -1.450514351830385351e-01 -8.264884981367021100e-01 -1.455649572763964283e-01
-2.637285444682988533e-01 6.975746842058594410e-03 -8.285276578435367689e-01 6.975803417818143837e-03
-2.891015456636720771e-01 1.048244442317498581e-01 -9.082392919984463298e-01 1.050173710888631651e-01
-2.506278615858599235e-01 1.422301528166582951e-01 -7.873706487430570666e-01 1.427141103020105883e-01
-2.986600480626213638e-01 2.484375179922111432e-01 -9.382682129143058436e-01 2.510668660124291129e-01
-2.820842966969892007e-01 4.206528574151722211e-01 -8.861939541963048672e-01 4.341648229261542702e-01
-2.417606031340286954e-01 3.812955931792021413e-01 -7.595133347333020701e-01 3.911973618835609123e-01
-2.249185333852399271e-01 2.727395349442560679e-01 -7.066024121392603385e-01 2.762393761631614653e-01
-2.785279888941789572e-01 5.850818929291821124e-01 -8.750214837290920533e-01 6.249810350117165347e-01
-2.361393606240904663e-01 5.336423811967712094e-01 -7.418536805600334239e-01 5.629016323954941781e-01
-2.765994786259573512e-01 8.246233140779972715e-01 -8.689628900380745868e-01 9.695359796880471670e-01
-2.380035745947688408e-01 8.910909426982533965e-01 -7.477102814750361537e-01 1.099743410445509273e+00
-1.883342890168302475e-01 -7.103774866140013522e-01 -5.916696187943307761e-01 -7.900344033216429862e-01
-1.808101128515959832e-01 -7.996858812410834183e-01 -5.680317222293154167e-01 -9.267718693087596549e-01
-1.989131981516139014e-01 -5.902919476202768134e-01 -6.249042420151610377e-01 -6.314204769353772839e-01
-1.752224626477929537e-01 -2.976067194849922881e-01 -5.504776013982182192e-01 -3.021848006633346406e-01
-1.784275529908685431e-01 -4.531169400975971762e-01 -5.605466896741161387e-01 -4.702587237363655137e-01
-2.049087651922727460e-01 -1.790278313498643303e-01 -6.437398713841999687e-01 -1.799982293166160763e-01
-1.664170594070766285e-01 -6.135573354376733235e-02 -5.228146112652880539e-01 -6.139429477979131689e-02
-1.535852109410196231e-01 5.593738337040710107e-02 -4.825021703923459415e-01 5.596659578174508626e-02
-1.550530031628789551e-01 2.101142233718253927e-01 -4.871133756535354631e-01 2.116917897093485434e-01
-2.074689726471239393e-01 1.304462466044216118e-01 -6.517830003160263175e-01 1.308190588642943741e-01
-1.796800551235544496e-01 3.115264717730659161e-01 -5.644815411727677201e-01 3.167990211815099877e-01
-1.812123999030619270e-01 5.164856294630801870e-01 -5.692955442748350858e-01 5.427416920850254289e-01
-2.021417943549079776e-01 6.387736214032679882e-01 -6.350471761288376538e-01 6.929032564641569580e-01
-1.993266013497489997e-01 7.537884825866714156e-01 -6.262029864653928524e-01 8.538084790647176847e-01
-2.021825260262786195e-01 8.329461766317425298e-01 -6.351751384483840246e-01 9.844107598308087237e-01
-1.297054566786099983e-01 -8.535396962505155116e-01 -4.074817098320303588e-01 -1.022741635285081552e+00
-1.139794809665941600e-01 -9.381121243167762636e-01 -3.580771000646298385e-01 -1.217138366355103640e+00
-1.159311382196439588e-01 -7.607892636946946840e-01 -3.642084121531363738e-01 -8.645283743710467927e-01
-1.203154822392313861e-01 -6.751552918230574463e-01 -3.779822351158825811e-01 -7.411751969800389750e-01
-1.376942869776167644e-01 -5.325982749345157252e-01 -4.325793604101655365e-01 -5.616675215829534107e-01
-1.056456799549501113e-01 -4.454840118895890821e-01 -3.318956920299697133e-01 -4.617148084638177941e-01
-1.140657563529603458e-01 -3.334022128827767162e-01 -3.583481421846235193e-01 -3.399099681924913074e-01
-7.419572886280545454e-02 -9.125733121970025508e-02 -2.330927567231297903e-01 -9.138447192761495197e-02
-1.403868840771760329e-01 -1.780978682145162306e-01 -4.410384036772181382e-01 -1.790530761211280575e-01
-1.024610035317323753e-01 1.583461760652338235e-02 -3.218907359747282815e-01 1.583527939697353462e-02
-1.142983862984210397e-01 3.728907512216887987e-01 -3.590789707122877816e-01 3.821225302830146831e-01
-7.962128477693264372e-02 2.420847174990030659e-01 -2.501376433245924291e-01 2.445139052591672468e-01
-6.689581056010407423e-02 3.665535537095274687e-01 -2.101593870115574525e-01 3.753020301255216018e-01
-1.242196486129252264e-01 6.116135368970163633e-01 -3.902475355138714241e-01 6.580984528161694103e-01
-1.349566137297844026e-01 4.959623030310300607e-01 -4.239787062468460821e-01 5.189426861368208188e-01
-7.598233569367374152e-02 6.393443551572626227e-01 -2.387055476178389368e-01 6.936452808551647475e-01
-6.723961224114716195e-02 7.315311620628310862e-01 -2.112394718470142485e-01 8.205649913088965963e-01
-1.409776280593231235e-01 7.422920763799887300e-01 -4.428942806316837899e-01 8.364845276996164536e-01
-1.160256498121039481e-01 8.294066850009809144e-01 -3.645053290776877342e-01 9.780447851670496240e-01
-1.026556251879564563e-01 9.021732492375604817e-01 -3.225021579401513017e-01 1.124781242090897582e+00
-1.360769993534833855e-01 9.677069484177220904e-01 -4.274985014914464143e-01 1.315969440863852258e+00
-5.745069753673859303e-02 -8.824190213788405401e-01 -1.804866893250271775e-01 -1.080979439462063318e+00
-5.078104865532662160e-02 -7.743665026949724250e-01 -1.595333693971599520e-01 -8.857132795879686382e-01
-6.631258581343169034e-02 -6.447061844008004083e-01 -2.083271324320197238e-01 -7.006388620705013004e-01
-2.023051068272052611e-02 -5.605844168964253527e-01 -6.355602373920463122e-02 -5.950913661467626126e-01
-6.651637400136278799e-02 -5.423930313374820678e-01 -2.089673519061124585e-01 -5.732829223515419903e-01
-5.356025442066325581e-02 -2.522732729330490198e-01 -1.682645018123559155e-01 -2.550287955566547526e-01
-4.205206573026720740e-02 -3.917173253399435229e-01 -1.321104607664825570e-01 -4.024973370686549257e-01
-4.837794435031073093e-03 -1.043108827453842480e-01 -1.519837945667120230e-02 -1.045009786166114091e-01
-6.614635025000481505e-03 -2.363675409173344732e-01 -2.078048880071925106e-02 -2.386257497325653676e-01
-5.938207359335168078e-02 9.308306068979543824e-02 -1.865542861558020793e-01 9.321800652615240546e-02
-1.367721329451154766e-02 1.028848670499642459e-01 -4.296823280761812719e-02 1.030672482705895510e-01
-3.336610896699854223e-02 2.759554115652667061e-01 -1.048227228095991448e-01 2.795835692381402615e-01
-4.234399500909091785e-03 4.318621005387028866e-01 -1.330275836442028868e-02 4.465563101178446903e-01
-5.682804947935204964e-02 4.753782868762013170e-01 -1.785305827621696539e-01 4.953939600054684811e-01
-2.743302264418434611e-02 5.700619290965589503e-01 -8.618338240473198686e-02 6.065812292967663888e-01
-9.380780385795706167e-03 7.885616501301668801e-01 -2.947059074495501571e-02 9.084665284333856006e-01
-2.248651183865013614e-02 8.641592980854504447e-01 -7.064346039716318248e-02 1.043477317117595504e+00
1.297854880881987860e-02 -9.612028357790138866e-01 4.077331359204509204e-02 -1.291330183902770212e+00
2.166897318176652654e-02 -8.453682151882897511e-01 6.807508695867196813e-02 -1.007254095562987173e+00
2.233854767039722411e-02 -6.981595671848062068e-01 7.017861725318530475e-02 -7.728236191734410010e-01
7.354963629337674114e-02 -7.942237642472631531e-01 2.310629970534735789e-01 -9.177290201396191005e-01
6.882627791727657929e-02 -4.811350644147680544e-01 2.162241290788455006e-01 -5.019490331412692630e-01
4.301593493732935869e-02 -5.876586999798045774e-01 1.351385451864104414e-01 -6.281621123442044929e-01
7.589789239476729676e-02 -2.995419319333283426e-01 2.384402611703495822e-01 -3.042125044397755440e-01
2.235149372914579935e-02 -3.758017023794333333e-01 7.021928849624277380e-02 -3.852617381410428643e-01
5.450617184604444887e-02 -3.249618595269554433e-02 1.712361890468360459e-01 -3.250190801235026961e-02
3.470712945469323074e-02 -2.135699137376994017e-01 1.090356629220541745e-01 -2.152277342344868782e-01
8.816246677881212079e-02 -1.397976884211973303e-01 2.769705579546703489e-01 -1.402570937981663379e-01
2.819434887323413186e-02 1.214206395180348341e-01 8.857515929290001033e-02 1.217209865952947195e-01
4.881773183978155295e-02 4.042739070098690934e-01 1.533654277127742549e-01 4.161848328550695197e-01
7.717165896941891035e-02 2.858427721259710896e-01 2.424419168836633165e-01 2.898857794799568066e-01
2.822029435739659142e-02 2.771562868896262355e-01 8.865666943533861977e-02 2.808331822580306669e-01
1.370085222265760017e-02 6.373022476348619847e-01 4.304249669062050476e-02 6.909923927882298811e-01
8.495148502331950624e-02 5.477360679283251876e-01 2.668829612608039081e-01 5.796558884933433742e-01
6.729043996156480745e-02 6.627065372692344525e-01 2.113991518400770431e-01 7.244271250061331546e-01
2.117838002326477564e-02 5.389893488796710930e-01 6.653384309602144997e-02 5.692367953324272145e-01
5.232245009958091941e-02 7.532239279828916168e-01 1.643758248506619613e-01 8.529497634298006670e-01
4.840363545856485317e-02 9.387363773713539583e-01 1.520645055636657694e-01 1.218945260761587601e+00
9.292978790021200197e-02 -8.973381967307463292e-01 2.919475389669636822e-01 -1.113700902341882681e+00
1.517859116003179576e-01 -8.495509823397191518e-01 4.768495048019886773e-01 -1.015133501669040594e+00
1.268489575227391697e-01 -6.883492944133036140e-01 3.985077530689610792e-01 -7.592109438775225261e-01
1.369362519123489275e-01 -7.716211197126610077e-01 4.301979230179566738e-01 -8.813858269148678870e-01
1.541879194853934543e-01 -5.608717756057948201e-01 4.843956351276065830e-01 -5.954384177317396665e-01
9.376868272735139342e-02 -6.122327978762098777e-01 2.945830047930392825e-01 -6.588814184837984422e-01
1.483070666119414849e-01 -3.150630896012005522e-01 4.659203909435274404e-01 -3.205231284473210596e-01
1.193724589667926050e-01 -4.500795914513862073e-01 3.750196401310246785e-01 -4.668544663639715986e-01
1.288553978158049063e-01 -1.451887948994394772e-01 4.048111711535229418e-01 -1.457037866342662247e-01
1.093363380670901996e-01 -1.632627572771960800e-02 3.434902364419806231e-01 -1.632700110212454564e-02
9.348407482647114186e-02 1.018563706611905761e-01 2.936888827024802806e-01 1.020333199137402197e-01
1.326140226751271189e-01 1.223549324952870609e-01 4.166192393991696163e-01 1.226622981337997798e-01
1.501635065296946792e-01 9.925512684689774545e-04 4.717525689509717290e-01 9.925514314390235498e-04
1.026388995149323247e-01 3.835470096081050606e-01 3.224496126886523539e-01 3.936339921303335099e-01
1.634791299358648864e-01 3.959027503630316858e-01 5.135848336217643251e-01 4.070507179948946175e-01
1.283076468641719536e-01 2.869864918987796720e-01 4.030903607878760786e-01 2.910795097545039734e-01
1.316207631943511203e-01 5.105975659257508958e-01 4.134988227112553205e-01 5.358796366813294298e-01
1.184835179144323458e-01 6.262032825609553655e-01 3.722269494514552912e-01 6.766739212151455796e-01
1.268762268060581455e-01 7.263948251133058864e-01 3.985934220491046398e-01 8.130617166206037805e-01
1.591865817597588606e-01 8.323265404059134731e-01 5.000993958065294009e-01 9.832919190987990943e-01
1.013315471441378346e-01 8.900530267915067739e-01 3.183424440849111914e-01 1.097461479617106495e+00
1.070311933829493078e-01 9.709640954907559074e-01 3.362484108368219982e-01 1.329228461736374989e+00
1.705256754832553678e-01 -9.692390612984822518e-01 5.357222093466321722e-01 -1.322120026460862574e+00
1.801338189875425488e-01 -9.152396559871653903e-01 5.659070823943372908e-01 -1.156102332304010938e+00
2.184746781320483500e-01 -7.664261956578779511e-01 6.863584438150377443e-01 -8.732587378788341237e-01
1.806286512156400903e-01 -6.958432548479103197e-01 5.674616436868880065e-01 -7.695933669094152663e-01
2.412121116225172113e-01 -6.813106511994349024e-01 7.577901978301812003e-01 -7.495516669129762555e-01
2.236774579852904843e-01 -5.809525441422858094e-01 7.027034587802282184e-01 -6.198984941778999946e-01
1.706525623830672522e-01 -4.574281729846405575e-01 5.361208362989179355e-01 -4.751008983112259276e-01
1.989168572176411853e-01 -3.279546420295218478e-01 6.249157373101114077e-01 -3.341376569116312756e-01
2.428692728968278036e-01 -2.279579115564951408e-01 7.629963235153688350e-01 -2.299798576467789180e-01
1.814196044124443130e-01 -2.109336577604807861e-01 5.699464964393015087e-01 -2.125300097237910468e-01
1.898455259785827298e-01 -2.516685226581372170e-02 5.964173097312057692e-01 -2.516950968006076775e-02
2.241680489432573697e-01 5.679269905757777792e-02 7.042446957296945032e-01 5.682327341797425296e-02
2.382470115818808853e-01 2.190865561513850590e-01 7.484750613253593476e-01 2.208781838002934483e-01
2.222927419558722306e-01 3.449014041649141049e-01 6.983532450748998199e-01 3.521337417880295861e-01
1.736402181811329548e-01 2.436694364369234034e-01 5.455068338055760746e-01 2.461475402182601580e-01
1.807207210533214869e-01 5.206581457211705288e-01 5.677508896125650351e-01 5.476216440009339381e-01
2.027337855653033039e-01 6.328154175982279028e-01 6.369069713664052834e-01 6.851839014440538334e-01
2.376147160978441253e-01 8.038481415661251628e-01 7.464886464778114350e-01 9.337364917289970867e-01
1.848594542030310706e-01 7.195555846728975968e-01 5.807531032708612706e-01 8.031621396488638487e-01
2.116890752711688695e-01 9.286324580873626111e-01 6.650408437171209108e-01 1.190709585840411977e+00
2.829872416296794757e-01 -9.436962001035664738e-01 8.890306393634407334e-01 -1.233630989742430017e+00
2.595302462085600226e-01 -8.713840355678807992e-01 8.153383148731624397e-01 -1.058016390752177571e+00
3.002748985348504540e-01 -7.379825904297216965e-01 9.433414152945067688e-01 -8.300758975921865845e-01
2.788562838032928592e-01 -5.939874210431914658e-01 8.760528526037753005e-01 -6.360063789502731213e-01
3.100526470408617730e-01 -5.176983698921930888e-01 9.740591181696404144e-01 -5.441585613275815581e-01
2.599193608419958501e-01 -4.967393305868506026e-01 8.165607545469687478e-01 -5.198377533927870386e-01
2.906510470447887240e-01 -3.991509331468536814e-01 9.131071941540895853e-01 -4.105906252540820200e-01
2.465862168009516076e-01 -3.827686735571462773e-01 7.746734471783696119e-01 -3.927913478633900390e-01
3.200725770872623333e-01 -3.001486575495020404e-01 1.005537656792896195e+00 -3.048484932898133937e-01
2.792586290567582452e-01 -6.455870428646548476e-02 8.773168574962688648e-01 -6.460363351425438272e-02
2.959928972611387543e-01 -1.843921940935100423e-01 9.298891115503519211e-01 -1.854534164742785984e-01
2.835424808360307303e-01 2.267036207936827807e-01 8.907749747750988156e-01 2.286918434841744563e-01
2.762855643679331674e-01 8.048567271818196645e-02 8.679766993112087992e-01 8.057282395056156177e-02
2.942123042337392302e-01 4.038257348450160489e-01 9.242952135764403998e-01 4.156948863656875770e-01
3.146193609503973310e-01 5.030707202461612848e-01 9.884058730388837199e-01 5.271481821808919888e-01
2.723519651598258484e-01 6.446029366495429347e-01 8.556189329368522056e-01 7.005038048266679640e-01
2.490022241065228403e-01 4.754290163205294739e-01 7.822635579805714556e-01 4.954516223168146105e-01
3.214534850495671670e-01 6.937196083572347849e-01 1.009875907102556702e+00 7.666406589164120877e-01
2.670004121960087851e-01 8.814786775853877820e-01 8.388065334604277723e-01 1.078984413869543912e+00
2.836979918465647454e-01 9.682275901116279559e-01 8.912635270233448814e-01 1.318043096204472020e+00
3.457424605577195109e-01 -8.330309346938149506e-01 1.086181974122190530e+00 -9.845639489887779705e-01
3.592028809091907249e-01 -8.983289328730443835e-01 1.128469131812602999e+00 -1.115950868878071489e+00
3.581913795669764422e-01 -7.186609321820949248e-01 1.125291406626806268e+00 -8.018746806622225609e-01
3.669170886234076612e-01 -6.026826489381742480e-01 1.152704030095852650e+00 -6.468586536857441338e-01
3.830281451718573482e-01 -3.455915690059279122e-01 1.203318406990031786e+00 -3.528691237840727579e-01
3.728301902072070906e-01 -4.579143431517940233e-01 1.171280586591447070e+00 -4.756476966788935612e-01
3.281220494605399107e-01 -3.172442375273254456e-03 1.030825820066058940e+00 -3.172447696747238144e-03
3.436181472447163987e-01 -1.717250885682177763e-01 1.079508247024136836e+00 -1.725805041856695587e-01
3.901417230286985394e-01 -2.230099373317855349e-01 1.225666370925823090e+00 -2.249010830000738592e-01
3.788682397381974987e-01 -1.070936533416961822e-01 1.190249678640017850e+00 -1.072994275578277867e-01
3.370074089886458957e-01 1.859450084261515812e-01 1.058740000284060789e+00 1.870335567197554949e-01
3.699735100212027117e-01 2.187083149731772203e-02 1.162306061105440103e+00 2.187257546379189552e-02
3.867970671241605096e-01 1.673264589004841429e-01 1.215158824507340807e+00 1.681172685732343353e-01
3.860377769333820375e-01 4.242530890277311784e-01 1.212773444022048341e+00 4.381369055857926575e-01
3.371489881011100476e-01 3.338789172574139208e-01 1.059184784183679895e+00 3.404156478343155490e-01
3.929946839357301158e-01 2.898790011594816196e-01 1.234629211952332328e+00 2.941004081206358700e-01
3.798168725039501314e-01 5.750949533475471220e-01 1.193229896367860920e+00 6.127202109037740430e-01
3.228207999866596900e-01 7.793597714894853201e-01 1.014171453664070022e+00 8.936433789638514869e-01
3.542612058286231935e-01 8.441114224452770376e-01 1.112944401683064299e+00 1.004905723503171311e+00
3.567659277498627102e-01 9.177573405514307670e-01 1.120813217670115547e+00 1.162396117792752648e+00
4.096654685009433194e-01 -9.695668537610115933e-01 1.287002026271984345e+00 -1.323455371469053343e+00
4.727524827930709161e-01 -8.642164411937900415e-01 1.485195726909046776e+00 -1.043590883487263143e+00
4.213408921397194806e-01 -7.997252793610785115e-01 1.323681451403112108e+00 -9.268374899307484371e-01
4.086391532265405413e-01 -5.277430847672210934e-01 1.283777761745653612e+00 -5.559413080592241485e-01
4.252116000036643140e-01 -6.455521273164781526e-01 1.335841638792673480e+00 -7.017460108050707079e-01
4.657777104284483993e-01 -5.037115331830057663e-01 1.463283833287887470e+00 -5.278898135003097236e-01
4.284936167050379385e-01 -2.720717595377299958e-01 1.346152398350667800e+00 -2.755453545787590053e-01
4.280546316036772936e-01 -4.313002507071468372e-01 1.344773285981197830e+00 -4.459334678873980162e-01
4.689309146688547258e-01 -2.905089461853140875e-01 1.473189916564816127e+00 -2.947586800188975453e-01
4.240563916210744466e-01 -8.390986911177589214e-02 1.332212444624563785e+00 -8.400864876467760423e-02
4.756021937898633478e-01 -1.058750718240302202e-01 1.494148358041423874e+00 -1.060738779483625938e-01
4.717378131453680012e-01 1.063711299808725030e-01 1.482008048198002692e+00 1.065727532596973393e-01
4.207883543428609929e-01 4.731266580992832260e-02 1.321945602719670765e+00 4.733033508950832552e-02
4.454920282479679638e-01 2.015042143032137467e-01 1.399554483176632669e+00 2.028933943176886578e-01
4.359211451987894392e-01 3.363179945884293698e-01 1.369486667300966465e+00 3.430043996683083685e-01
4.531892497167118172e-01 4.949122115528143961e-01 1.423736017595891967e+00 5.177337997174783490e-01
4.259381405015798538e-01 6.176554054148499784e-01 1.338124133083460343e+00 6.657579581545939318e-01
4.058803525408989366e-01 7.551617575842581864e-01 1.275110733778923366e+00 8.559008397242495736e-01
4.583370003039521912e-01 9.176477995123271114e-01 1.439908153023278903e+00 1.162120382016924358e+00
4.788476618359245318e-01 -7.546929352872520091e-01 1.504344296612390108e+00 -8.551859627531053221e-01
5.444411156633681692e-01 -7.679681892376148955e-01 1.710412209280268270e+00 -8.756628045395098425e-01
5.137248383326524781e-01 -6.770578015126416105e-01 1.613914178072465067e+00 -7.437573109454439502e-01
5.419367002631767516e-01 -4.742724399553845949e-01 1.702544356257489788e+00 -4.941374299074612342e-01
5.091584967644167126e-01 -5.604088291996989213e-01 1.599568592947913981e+00 -5.948793438380798326e-01
5.526689990126671947e-01 -3.440549123872505000e-01 1.736260867165019928e+00 -3.512320620603785470e-01
4.969116901707530953e-01 -4.070555532073771854e-01 1.561094115323325315e+00 -4.192281382182856397e-01
5.003603111525463110e-01 -6.196893367660383234e-04 1.571928277664742524e+00 -6.196893764276989978e-04
5.294073582796396948e-01 -2.292275373425896046e-01 1.663182267527695490e+00 -2.312840148226507353e-01
5.207089367889021769e-01 -1.051126514672968693e-01 1.635855370474567083e+00 -1.053071793590214938e-01
5.448983618873859402e-01 1.771336610264051536e-02 1.711848690658524186e+00 1.771429253426722722e-02
5.026222404483180473e-01 2.534468568182657311e-01 1.579034338123278536e+00 2.562417986579854645e-01
4.995489623413098546e-01 4.397324672150899616e-01 1.569379350199863188e+00 4.553007736980384523e-01
4.928960186849762337e-01 6.159360074739002044e-01 1.548478511284378634e+00 6.635735494880435903e-01
5.384789896786406072e-01 5.391709767629422334e-01 1.691681638086871331e+00 5.694524402382609152e-01
5.213384359827133441e-01 7.181417973713990488e-01 1.637833000517284976e+00 8.011283992639288698e-01
5.050331240361747298e-01 8.491344716571624929e-01 1.586608352291549284e+00 1.014344419026266486e+00
5.514508225378902395e-01 9.028951117797714421e-01 1.732433852901084759e+00 1.126457584855615757e+00
5.884032098766298624e-01 -9.110898777044540431e-01 1.848523201497073609e+00 -1.145920384963815097e+00
5.944758930584628231e-01 -8.520673897551613862e-01 1.867601098368698365e+00 -1.019922368609432750e+00
5.682688475796473515e-01 -6.810302045903209311e-01 1.785269236820157923e+00 -7.491686084747436469e-01
6.316367210762940942e-01 -7.924865612465528120e-01 1.984345282670830768e+00 -9.148753351186096339e-01
6.154639353829829407e-01 -4.851172922415161182e-01 1.933536977948642432e+00 -5.064972954168195374e-01
5.775321938798170240e-01 -5.881445445412463169e-01 1.814370897504429259e+00 -6.287627120481861231e-01
5.990462121901889425e-01 -3.023598243657783513e-01 1.881959179377489910e+00 -3.071673876435328521e-01
6.324509786320822169e-01 -1.988035009811579545e-01 1.986903348226224608e+00 -2.001369009527177723e-01
5.953349062492543364e-01 -7.947630441135733470e-02 1.870299767898225607e+00 -7.956021158383776160e-02
6.155850630790675737e-01 5.566863969397184420e-02 1.933917511828808111e+00 5.569743269401727925e-02
6.116804425394932743e-01 1.763658001198957770e-01 1.921650784626625752e+00 1.772931465656827632e-01
5.595251091012583000e-01 1.518716543525402418e-01 1.757799972251540499e+00 1.524616184233371918e-01
5.621328521725339478e-01 2.956702007840601443e-01 1.765992438726709857e+00 3.001570104017439733e-01
6.291953827994947179e-01 4.398542816864989824e-01 1.976675592275510374e+00 4.554364096062554768e-01
6.058270579395403921e-01 3.228808349310117176e-01 1.903261834568777955e+00 3.287717787157613536e-01
5.790758394569188727e-01 4.835885344054584589e-01 1.819220403109198747e+00 5.047498889709817194e-01
5.893121950940196641e-01 5.896546307817847055e-01 1.851378862778247036e+00 6.306311545248266537e-01
5.975848361420326160e-01 6.933028135407732773e-01 1.877368131120469963e+00 7.660621354264606220e-01
5.618425448132944311e-01 7.941917302149037461e-01 1.765080411259639881e+00 9.176763019199031257e-01
6.080460500586752914e-01 8.473421192176795458e-01 1.910233003908625937e+00 1.010960148020020322e+00
6.564276273536409079e-01 -7.147962016633604421e-01 2.062228211707576531e+00 -7.963326448610734687e-01
7.063429441342450321e-01 -6.521323775951990420e-01 2.219041804207130042e+00 -7.103938187537286453e-01
6.677330535051306803e-01 -5.607586561543151937e-01 2.097745255450798929e+00 -5.953017903003515743e-01
6.554027533296542529e-01 -3.972650657405387697e-01 2.059008475002964911e+00 -4.085347243484540036e-01
6.650795297053402333e-01 -2.727941700598202068e-01 2.089408964575251382e+00 -2.762961646903053237e-01
7.008668124733465898e-01 -1.607276649735953633e-01 2.201838029211161007e+00 -1.614278588826598138e-01
6.530591427526666326e-01 -4.817064557269867819e-02 2.051645805231425257e+00 -4.818929433543277935e-02
6.514947440706810866e-01 1.338546737795629493e-01 2.046731101824814214e+00 1.342576453512876467e-01
6.992002706367985709e-01 2.007222746376811084e-01 2.196602433620561623e+00 2.020951447929630607e-01
6.856247329674391988e-01 6.117793610603561305e-02 2.153953624209970830e+00 6.121616270699794388e-02
6.451581437008997444e-01 2.769235111425596418e-01 2.026824084654374580e+00 2.805909241437667956e-01
7.066556038734299605e-01 3.680936771587224321e-01 2.220024053746826542e+00 3.769579111777844327e-01
6.485571975665462841e-01 5.603736816281126298e-01 2.037502527307845757e+00 5.948369067663340504e-01
6.969130928917408596e-01 6.150561654517536780e-01 2.189417052819234044e+00 6.624571967885007906e-01
6.512821006646634103e-01 6.874484035992225461e-01 2.046063062862634840e+00 7.579697164375910345e-01
6.629992712322680948e-01 7.781591943472396800e-01 2.082873639838680013e+00 8.917295659798842866e-01
6.609854093172338185e-01 9.639953543609769415e-01 2.076546906041063956e+00 1.301639123244107132e+00
7.258391194698545767e-01 -9.496020762522807690e-01 2.280290845414579159e+00 -1.251963982236159456e+00
7.788933353663636261e-01 -8.980318220016432207e-01 2.446965580317018940e+00 -1.115275044001624805e+00
7.184105505402642589e-01 -8.444869341159366716e-01 2.256953307838692968e+00 -1.005606472323833822e+00
7.658388819069137377e-01 -6.978219911720247026e-01 2.405953805232181164e+00 -7.723522145587911059e-01
7.239861026920622056e-01 -7.644330034965056697e-01 2.274469421518487966e+00 -8.701614022058166142e-01
7.823319375004900156e-01 -8.096469639366044024e-01 2.457768267520208827e+00 -9.435503562009351919e-01
7.539225952734145419e-01 -5.559174329368994361e-01 2.368517686686309798e+00 -5.894662546209534781e-01
7.373814439483175054e-01 -4.321832658107975789e-01 2.316552127201468192e+00 -4.469124233719238282e-01
7.178432254161351000e-01 -3.019749785013305932e-01 2.255171003396531759e+00 -3.067636699422907620e-01
7.656184019324905332e-01 -1.934130929825661482e-01 2.405261146964269514e+00 -1.946397428744219282e-01
7.449593128662741481e-01 -6.045283574110715819e-02 2.340358704523987310e+00 -6.048971769903061652e-02
7.249104674223310063e-01 5.083714936272709650e-02 2.277373398964338325e+00 5.085907225664687559e-02
7.631800113629616522e-01 9.501694091381707175e-02 2.397600717064455100e+00 9.516049720076602547e-02
7.466582547297064831e-01 2.480137180921839768e-01 2.345696087801022234e+00 2.506293735780254495e-01
7.160352235069307181e-01 4.885411003434372290e-01 2.249490997880899013e+00 5.104169558252382721e-01
7.599561666957330708e-01 5.885286307628037061e-01 2.387472710341575155e+00 6.292377040902195073e-01
7.847975985191235626e-01 6.736705415715553702e-01 2.465514370062590555e+00 7.391643047434679481e-01
7.389864117000937149e-01 7.268051556545298553e-01 2.321594282099696649e+00 8.136589426687654836e-01
7.641221610636121930e-01 8.049702241652341161e-01 2.400560567642600507e+00 9.356252809790843727e-01
7.258234012459225948e-01 9.258690320604310298e-01 2.280241465157747172e+00 1.183329123338837219e+00
7.581908279386826432e-01 8.757718698417138459e-01 2.381926735071328238e+00 1.067032488526047374e+00
8.594975064614691629e-01 -8.745957405638868920e-01 2.700191052078097176e+00 -1.064601410896097944e+00
8.318359022916796963e-01 -7.074931737667582432e-01 2.613289559631777781e+00 -7.859447544328757029e-01
7.955219390419168146e-01 -6.212570828094448050e-01 2.499205879463592961e+00 -6.703459115026555448e-01
7.945186677159805644e-01 -4.881814813929910013e-01 2.496054009636474280e+00 -5.100048519535701486e-01
8.423525750294287295e-01 -5.123712807722000662e-01 2.646328661444898422e+00 -5.379437945728686721e-01
7.941811285627367045e-01 -3.393588802071911825e-01 2.494993599112344640e+00 -3.462352476820454994e-01
8.370895888542715380e-01 -3.694329612812350394e-01 2.629794502741079842e+00 -3.783987403156474638e-01
8.338030431924068342e-01 -1.587428061847944161e-01 2.619469515034078100e+00 -1.594171824326536258e-01
8.516974221304465242e-01 -2.499541822399375945e-02 2.675686364446375531e+00 -2.499802169114102510e-02
8.004219332568920375e-01 1.805610418981913323e-01 2.514599665291991748e+00 1.815568388184961857e-01
8.563958559113513669e-01 1.872198469914700958e-01 2.690446929495844408e+00 1.883311825899444958e-01
7.960455260646364106e-01 6.705535293291209342e-03 2.500850776607683734e+00 6.705585545817014867e-03
8.634731956818202381e-01 4.136592249989783365e-01 2.712681048125708205e+00 4.264696290686575408e-01
7.895599130914623398e-01 3.986320435508170501e-01 2.480475622537133606e+00 4.100247684798996040e-01
8.363978580099247218e-01 2.911724140348435075e-01 2.627621366202218312e+00 2.954521244495784127e-01
8.527388455022140157e-01 5.801992911630395877e-01 2.678958092460397289e+00 6.189733561450130317e-01
8.264907448396070500e-01 4.781940555665837866e-01 2.596497252248065823e+00 4.985972695637055363e-01
8.205501463486151170e-01 7.495992793836836476e-01 2.577834311670838652e+00 8.474564542636233710e-01
8.658202078766692456e-01 6.940872893149869771e-01 2.720054404394931513e+00 7.671512786701571995e-01
8.647198319154367763e-01 8.462387735902299202e-01 2.716597471358936922e+00 1.008885900809061154e+00
8.365513640181998500e-01 9.071877969772659256e-01 2.628103619550097303e+00 1.136550966285498232e+00
8.263358060582182141e-01 9.583668212484481863e-01 2.596010497710698584e+00 1.281226589008186201e+00
9.467344124619978540e-01 -9.652250650044724711e-01 2.974253875091261712e+00 -1.306302944911155173e+00
9.181040191194629330e-01 -9.937447287100522608e-01 2.884308841696967551e+00 -1.458887403172225206e+00
9.785237319034094661e-01 -8.440065837024570694e-01 3.074122967511019322e+00 -1.004710220131930232e+00
9.679642244957582520e-01 -9.232462666461695999e-01 3.040949296613615349e+00 -1.176445733265388593e+00
8.744449303943038210e-01 -7.883839351968415787e-01 2.747149769295583077e+00 -9.081775937712991409e-01
9.267574044908775122e-01 -7.051652094915810132e-01 2.911494253608485128e+00 -7.826561223302217485e-01
9.503895372105504169e-01 -5.471272507456845791e-01 2.985736788149268683e+00 -5.789283782726095673e-01
8.889006830456356312e-01 -5.583992835114521824e-01 2.792563855627117952e+00 -5.924549757473579481e-01
9.735027159789075846e-01 -6.419570080932390788e-01 3.058348980769046932e+00 -6.970479200062534852e-01
9.269771331588092522e-01 -3.810261167532615900e-01 2.912184551577442715e+00 -3.909058812117892079e-01
8.799358159435815008e-01 -3.532803980604166671e-01 2.764399894998895935e+00 -3.610752987032044836e-01
9.685611530778883704e-01 -3.493897056233017384e-01 3.042824603061953237e+00 -3.569196807964152285e-01
9.101854612676034684e-01 -1.742167254737814197e-01 2.859431958522540285e+00 -1.751102731923110112e-01
9.972759038664740228e-01 -1.956711348775290737e-01 3.133034653189035623e+00 -1.969417674245355077e-01
9.511489386412876890e-01 -1.306366366101845422e-01 2.988122518105198466e+00 -1.310110921271019357e-01
8.909512796685676861e-01 -3.336089909598372039e-02 2.799005994913197348e+00 -3.336709036372798032e-02
9.901772796100043461e-01 -5.698911384818794446e-02 3.110733667374316003e+00 -5.702000683818819748e-02
8.962043381726059188e-01 1.348130385696357791e-01 2.815508964918361556e+00 1.352247761277436122e-01
9.352503508764236084e-01 7.608671227644481228e-02 2.938175631580648872e+00 7.616031756737069724e-02
9.793531150378413930e-01 9.617206032151837114e-02 3.076728551473161932e+00 9.632093104528667571e-02
9.604339325146613593e-01 3.856018531684666240e-01 3.017292186646415075e+00 3.958600322053680842e-01
9.169824194205382639e-01 2.857380950383250351e-01 2.880785232322557565e+00 2.897765465193585244e-01
9.229138338070363989e-01 4.645257191475542502e-01 2.899419320184576598e+00 4.830989640408994146e-01
9.132241749533711594e-01 6.328749543217890849e-01 2.868978359114110699e+00 6.852607946223809865e-01
9.755078463031217062e-01 5.406217103965449411e-01 3.064648283465088330e+00 5.711759518499817112e-01
9.225382714245762283e-01 7.365910836450930699e-01 2.898239456162875261e+00 8.280161737408588962e-01
9.421767863459145076e-01 8.731593946017299768e-01 2.959935670367165095e+00 1.061646843017620023e+00
9.578717638757128228e-01 9.442987214262321682e-01 3.009242896473036222e+00 1.235457080072684732e+00
9.814825367386892374e-01 9.967886458033912156e-01 3.083418327044940455e+00 1.490633062523301966e+00
