-9.808799583619938200e-01 -9.675927470268967934e-01 -3.081525271243501951e+00 -1.315516794029295999e+00
-9.481339299672446597e-01 -9.204860075122318630e-01 -2.978650589004315119e+00 -1.169322369073471535e+00
-9.795684603871677165e-01 -8.590349954066518467e-01 -3.077405078840590225e+00 -1.033381599659772609e+00
-9.371125693559798631e-01 -7.764192604581272583e-01 -2.944025963475402019e+00 -8.889640010919281909e-01
-9.810881714228643080e-01 -6.791967800631806274e-01 -3.082179391865913942e+00 -7.466677093686698852e-01
-9.740653092005233660e-01 -5.569249351916620849e-01 -3.060116419501034635e+00 -5.906787975514125044e-01
-9.416109446658342819e-01 -2.691056583697910565e-01 -2.958158026301930033e+00 -2.724643138762813388e-01
-9.546239267014660079e-01 -4.424230808985598618e-01 -2.999039515066366679e+00 -4.582987778295434245e-01
-9.940785515727355026e-01 -3.817265842477368665e-02 -3.122989874712088110e+00 -3.818193506890915634e-02
-9.541613358422758040e-01 -1.110862117059141507e-01 -2.997586243021517216e+00 -1.113159598328734845e-01
-9.905516584388351919e-01 -1.703800797174026549e-01 -3.111909813152630822e+00 -1.712153758239575441e-01
-9.564892187895273068e-01 5.118455621691642143e-02 -3.004899502987019133e+00 5.120693199154669611e-02
-9.899711758875457956e-01 1.281292153650606114e-01 -3.110086173433962653e+00 1.284824159095855345e-01
-9.903755050979339281e-01 3.935873213984288910e-01 -3.111356411110949960e+00 4.045306338146363867e-01
-9.404454502752463974e-01 4.179539508311593821e-01 -2.954496517686659107e+00 4.311919533756277678e-01
-9.623947172479989653e-01 2.503474141721875323e-01 -3.023452173559939560e+00 2.530390795861401920e-01
-9.356409642156511275e-01 5.883707909941664482e-01 -2.939402779577560132e+00 6.290424868149243620e-01
-9.871916263326172558e-01 6.230572579488069529e-01 -3.101353960971910517e+00 6.726453033060865172e-01
-9.810346561880984861e-01 5.025508627067749590e-01 -3.082011268797518522e+00 5.265467711899819436e-01
-9.353733840394546917e-01 7.453875731387991088e-01 -2.938562151661775257e+00 8.411160427807566897e-01
-9.750790721814057704e-01 8.243565430734483002e-01 -3.063301249834256001e+00 9.690645500340637764e-01
-9.863310186383293932e-01 8.964668467260079598e-01 -3.098650282161913072e+00 1.111730535697950106e+00
-8.705098905328123582e-01 -8.392957797759996730e-01 -2.734787476975138354e+00 -9.959866282490662526e-01
-9.103651433979307317e-01 -6.954441912245390434e-01 -2.859996446583157770e+00 -7.690378673382205488e-01
-8.448372294632466861e-01 -5.740193752991418208e-01 -2.654134433560890294e+00 -6.114060692413145759e-01
-8.991578521208263286e-01 -5.667714681856295122e-01 -2.824787702640365605e+00 -6.025818334182161395e-01
-9.104935249988155288e-01 -4.646532589539089653e-01 -2.860399769277353510e+00 -4.832429911856098714e-01
-8.705256295230454633e-01 -2.838799839799277525e-01 -2.734836922471229670e+00 -2.878381552103485563e-01
-8.622621306538966746e-01 -4.617732002435419592e-01 -2.708876375130964131e+00 -4.799932634479527338e-01
-8.872876722591240828e-01 -4.203158904013681862e-02 -2.787496432790052214e+00 -4.204397477174808689e-02
-9.134770700828276357e-01 -1.515595219357457335e-01 -2.869772852594939749e+00 -1.521458305043533188e-01
-8.598983512302387222e-01 -1.530622555763758719e-01 -2.701450343058893644e+00 -1.536663042251853739e-01
-8.679733571661019109e-01 2.252924713080470820e-01 -2.726818722384695359e+00 2.272432145732166398e-01
-9.089663950999322672e-01 9.140020034678908445e-02 -2.855602149205944684e+00 9.152794063993263673e-02
-8.682636506354708406e-01 7.736939625860750347e-02 -2.727730706215449885e+00 7.744679409818963634e-02
-8.864149716132836421e-01 4.080092262555554683e-01 -2.784754762852296839e+00 4.202724688954216359e-01
-9.075757583289487673e-01 3.008538207086304261e-01 -2.851233334942410824e+00 3.055878274412534013e-01
-8.881757431909300671e-01 5.456605544911170558e-01 -2.790286389905280551e+00 5.771771578909964395e-01
-8.565324794137589848e-01 6.454061095288572414e-01 -2.690876144887315746e+00 7.015548324730954688e-01
-8.674231791122373192e-01 7.445697319370903067e-01 -2.725090287052508220e+00 8.398900559992696913e-01
-8.904109350012312518e-01 9.073362343906934413e-01 -2.797308452075887075e+00 1.136903913213205719e+00
-9.080452115072925601e-01 8.498886429900369688e-01 -2.852708165598700329e+00 1.015773939060198527e+00
-7.886372721115368911e-01 -9.588699510201750265e-01 -2.477577060412698984e+00 -1.282993860899517058e+00
-8.396187184804815296e-01 -9.138705735030325794e-01 -2.637739997794757318e+00 -1.152717352904796044e+00
-7.674684457324072451e-01 -7.506906264029520326e-01 -2.411073230974907222e+00 -8.491068269706376626e-01
-8.330142470176233882e-01 -6.975829284400429930e-01 -2.616991438766198996e+00 -7.720185087315981631e-01
-8.055760743875801655e-01 -5.108159003658911956e-01 -2.530791877203726337e+00 -5.361335862895093562e-01
-8.279785394069978377e-01 -2.953711007314452353e-01 -2.601171296731031646e+00 -2.998439268959827153e-01
-7.748184895471279532e-01 -2.528676040478419207e-01 -2.434164074626797181e+00 -2.556430414495899917e-01
-7.690004608674989584e-01 -9.811443397364771890e-02 -2.415886198468499835e+00 -9.827253530195156905e-02
-8.246784218998419735e-01 -7.528105754582115061e-02 -2.590803671814567721e+00 -7.535234543862476264e-02
-8.224171923025536124e-01 5.902732948340316810e-02 -2.583699809523646529e+00 5.906166076108855523e-02
-7.709865556236257245e-01 1.546248043801345950e-01 -2.422125699163681034e+00 1.552476791202232476e-01
-8.276754097167697832e-01 3.168292191983981265e-01 -2.600218986723126235e+00 3.223846087631758173e-01
-7.716998055743065077e-01 3.962699575507575567e-01 -2.424366439968912879e+00 4.074506329226081913e-01
-8.212367133264986130e-01 4.681449414698024558e-01 -2.579991225444755010e+00 4.871902981058756632e-01
-7.873090283065264927e-01 6.357807105683099813e-01 -2.473404259432701924e+00 6.890195530141163260e-01
-7.701476319404381154e-01 7.223644935825510593e-01 -2.419490142683656142e+00 8.072155476850834122e-01
-8.168421739665314707e-01 7.979085101423994963e-01 -2.566185372875571247e+00 9.238174577645212882e-01
-8.256659947595117455e-01 8.682960489560747064e-01 -2.593906223455390680e+00 1.051756859628758090e+00
-7.851484393697401032e-01 9.251555570131311246e-01 -2.466616569101466538e+00 1.181445194224966633e+00
-7.585595371236490969e-01 -8.365659848083810690e-01 -2.383085069138129786e+00 -9.909849130247444515e-01
-7.352936594451822128e-01 -9.152203263751979012e-01 -2.309993158744139574e+00 -1.156054359891946159e+00
-6.967336309630951519e-01 -5.776691887296818706e-01 -2.188853256542601766e+00 -6.158703577059981837e-01
-7.532786462169454023e-01 -6.362184176410741188e-01 -2.366494661061220306e+00 -6.895867593041418164e-01
-7.664606828651450154e-01 -4.592095005675140840e-01 -2.407907250554556011e+00 -4.771051202603787122e-01
-7.175354750741060883e-01 -3.651577691721479280e-01 -2.254204177182873803e+00 -3.738022693909762717e-01
-7.065427416717460218e-01 -1.142241531967935764e-01 -2.219669486683148119e+00 -1.144740063509781386e-01
-7.060231488321211391e-01 -2.414821530955089113e-01 -2.218037137635324729e+00 -2.438929162479033796e-01
-6.909344318023029619e-01 9.026638063217418129e-02 -2.170634535062352821e+00 9.038941432244666785e-02
-7.584420596083849553e-01 3.638267485978441407e-02 -2.382716002639214015e+00 3.639070626329705266e-02
-6.974696917629543691e-01 2.140747583390658626e-01 -2.191165659744034766e+00 2.157445310263964022e-01
-7.165439830606787908e-01 3.876593155963934390e-01 -2.251089313157397687e+00 3.980909861489367874e-01
-7.506155469459518947e-01 2.769303799155666823e-01 -2.358128287955687075e+00 2.805980724812806582e-01
-7.140258703362720727e-01 6.680017548698053975e-01 -2.243178428721490647e+00 7.315203031315978821e-01
-7.626658651659246058e-01 5.275880335864380211e-01 -2.395985479148972530e+00 5.557587772713123986e-01
-7.150652597146014422e-01 5.059762233041791291e-01 -2.246443766756669458e+00 5.305133809783393328e-01
-7.510828746969666625e-01 8.077340586569490277e-01 -2.359596441385093613e+00 9.402984024786781303e-01
-6.269503144228170122e-01 -9.634931157693187309e-01 -1.969622501956532767e+00 -1.299756854390084593e+00
-6.274235151944138611e-01 -9.086357421017878799e-01 -1.971109106024254487e+00 -1.140005378420993365e+00
-6.847133573318744393e-01 -8.621902439126301054e-01 -2.151090453208619468e+00 -1.039577444123608752e+00
-6.658397303156660119e-01 -7.573839619831070902e-01 -2.091797205227905465e+00 -8.592973826462143583e-01
-6.658431136793667715e-01 -6.557587944728582308e-01 -2.091807834378452302e+00 -7.151872474316089967e-01
-6.201929361541109742e-01 -4.934407761284633764e-01 -1.948393572030038712e+00 -5.160412522563346815e-01
-6.687986963019905140e-01 -4.690162252703500290e-01 -2.101093071032764659e+00 -4.881765595867072483e-01
-6.699535724209544352e-01 -2.972516091140733341e-01 -2.104721221363907713e+00 -3.018128575926138923e-01
-6.313076661004590751e-01 -9.090555763700591818e-02 -1.983311525976120260e+00 -9.103123007448125914e-02
-6.394683977388733176e-01 -2.094482558338326417e-01 -2.008949220539280489e+00 -2.110106660294338576e-01
-6.416191919885323447e-01 3.688756650663127523e-02 -2.015706139953392206e+00 3.689593707260739597e-02
-6.544032506133572458e-01 2.675536869165022757e-01 -2.055868444612203305e+00 2.708532602798828237e-01
-6.221338744848359248e-01 4.331902326309196027e-01 -1.954491209630915050e+00 4.480293589194156434e-01
-6.276057889976012216e-01 5.759715532053681919e-01 -1.971681736065289847e+00 6.137921394194787439e-01
-6.788680302059346694e-01 5.778620204936932847e-01 -2.132726816451937957e+00 6.161066124459629867e-01
-6.786341306541223695e-01 8.157804834937423255e-01 -2.131991999338286536e+00 9.540773865686023036e-01
-6.303358789844479837e-01 6.846045273627183736e-01 -1.980258566711606605e+00 7.540610105643378303e-01
-6.752712151863311529e-01 9.143432655531131825e-01 -2.121427088810030170e+00 1.153883132667368194e+00
-5.705305897471304455e-01 -8.374250551278410448e-01 -1.792374709397837051e+00 -9.925548248228663883e-01
-5.395430760983783713e-01 -7.315151870437786030e-01 -1.695024564165904080e+00 -8.205415612258130098e-01
-6.083820305492539937e-01 -7.070650560209836843e-01 -1.911288517749577531e+00 -7.853391568432681602e-01
-5.665750169402317127e-01 -4.830726466758503701e-01 -1.779947910926944488e+00 -5.041605979019154748e-01
-6.079704337043860818e-01 -6.044993118183559222e-01 -1.909995448125499706e+00 -6.491371904043680141e-01
-5.542700422137711858e-01 -5.998317900908529676e-01 -1.741290692723687972e+00 -6.432908629815395907e-01
-6.040760059773082613e-01 -2.881018719926673466e-01 -1.897760742588175509e+00 -2.922440724696203085e-01
-5.333634451283491007e-01 -2.479740620539969687e-01 -1.675610680908564243e+00 -2.505884388028017939e-01
-5.645315628030933564e-01 -3.399641674579170214e-01 -1.773528210421762896e+00 -3.468787953088132703e-01
-5.709154674678562635e-01 -1.817995385646622442e-01 -1.793583838417799781e+00 -1.828161777627654305e-01
-5.681268852486187626e-01 -3.770955879866422222e-02 -1.784823249003912204e+00 -3.771850175595718030e-02
-6.104011066594026147e-01 1.995775434348920907e-01 -1.917631632424259047e+00 2.009267718229821864e-01
-5.721821976076111316e-01 1.203264966747958908e-01 -1.797563388518934380e+00 1.206187620854500403e-01
-5.754635783744583843e-01 3.743132151593824286e-01 -1.807872150229692609e+00 3.836560370141812171e-01
-5.706101458437680130e-01 2.423029377526164652e-01 -1.792624642246581912e+00 2.447388217529249677e-01
-5.789617584393418337e-01 5.626347181063529046e-01 -1.818862007022464811e+00 5.975693653841438469e-01
-5.611315439997446308e-01 6.635885402945354006e-01 -1.762846736327095432e+00 7.256055037717421552e-01
-5.603681892544498666e-01 9.309351811731032544e-01 -1.760448586667194615e+00 1.196965388597764912e+00
-5.973133507331120917e-01 8.583049810579954642e-01 -1.876515234554248401e+00 1.031957260543306054e+00
-5.307042475267036430e-01 -9.099380716690399495e-01 -1.667256565258791401e+00 -1.143134720433005569e+00
-4.821278055011459784e-01 -6.821588179499691318e-01 -1.514649171853768905e+00 -7.507109992834332113e-01
-5.093502433806655905e-01 -4.715585330232918704e-01 -1.600170982708872147e+00 -4.910573198981941223e-01
-4.654724363662166020e-01 -5.089860137780721772e-01 -1.462324786536648435e+00 -5.340063869730604651e-01
-4.828917608399634354e-01 -3.059620236144500183e-01 -1.517049208333868471e+00 -3.109487480335000331e-01
-5.006014432684606774e-01 -1.707704521946400433e-01 -1.572685816548643700e+00 -1.716115544403924165e-01
-4.867977690466225305e-01 -4.039451035902508202e-02 -1.529320295020770049e+00 -4.040550383109872690e-02
-4.613723180091020559e-01 -1.939082205372930634e-01 -1.449443884827088747e+00 -1.951444247824064560e-01
-5.262560809344842827e-01 -2.159772154498140750e-03 -1.653282237770731466e+00 -2.159773833586203350e-03
-5.051669314105216024e-01 1.103168480362533010e-01 -1.587028720555793582e+00 1.105418381570032194e-01
-4.582548168852083048e-01 2.566985367866363443e-01 -1.439649966198706332e+00 2.596047195851284850e-01
-5.150434438151358929e-01 3.024258638432988366e-01 -1.618056699369218254e+00 3.072366707201054092e-01
-5.043834217895004635e-01 4.410297046277060762e-01 -1.584567252486376532e+00 4.567456631919166177e-01
-5.070091488948129665e-01 5.564596999930273569e-01 -1.592816217470758078e+00 5.901187581812733507e-01
-4.801668951300641641e-01 6.664624868584172468e-01 -1.508488790237630273e+00 7.294537538161098844e-01
-5.048712656155289746e-01 7.913418860348944150e-01 -1.586099859066326889e+00 9.130007599642117055e-01
-5.125820076408498238e-01 8.697135411452447951e-01 -1.610323869566800958e+00 1.054621626528287059e+00
-4.383859535523466633e-01 -9.375320870097478831e-01 -1.377230091117008559e+00 -1.215467344513825543e+00
-4.338440056665688882e-01 -8.496817266134020219e-01 -1.362961141006061361e+00 -1.015381404538581167e+00
-4.494162528294625147e-01 -7.803390716926787984e-01 -1.411882798292892538e+00 -8.952078392708051613e-01
-4.078863351612527222e-01 -7.198225985867761079e-01 -1.281412714042255763e+00 -8.035467216335899776e-01
-4.088259003081686771e-01 -6.098641311691630484e-01 -1.284364445005375943e+00 -6.558891375890937292e-01
-4.051876496744064582e-01 -3.558049959688256436e-01 -1.272934543542429964e+00 -3.637752895871338432e-01
-4.176147969819496986e-01 -4.651893589207567459e-01 -1.311975578228885997e+00 -4.838485130317314864e-01
-4.407786258185211192e-01 -2.958851995038207505e-01 -1.384746892730870149e+00 -3.003820794308916242e-01
-4.115052404960899413e-01 -1.943429762723520859e-01 -1.292781840456217246e+00 -1.955876114011023681e-01
-4.023575354429820283e-01 -3.524632559563234402e-02 -1.264043477464167120e+00 -3.525362745046003304e-02
-4.155234703421235576e-01 2.142270380839426114e-01 -1.305405481820951730e+00 2.159004274771136878e-01
-3.848808059999235809e-01 1.246866996054425414e-01 -1.209138712637078283e+00 1.250120603279743781e-01
-4.433508763093807481e-01 2.906383752172048140e-02 -1.392827855976147555e+00 2.906793081399089082e-02
-3.950602450114113484e-01 4.299966379356670032e-01 -1.241118363453233675e+00 4.444890530171471399e-01
-4.470739144904511964e-01 4.015634345767924440e-01 -1.404524125374832844e+00 4.132233293389983020e-01
-3.823421047747561641e-01 3.063561927475613178e-01 -1.201163147518433005e+00 3.113627997876387554e-01
-4.195159984406224840e-01 5.590568846963281935e-01 -1.317948378764446593e+00 5.932478864676403729e-01
-3.809756192223627824e-01 7.126518286296421589e-01 -1.196870206545797233e+00 7.932711175709389329e-01
-4.527777740476388590e-01 7.468890244442671911e-01 -1.422443328656801453e+00 8.433711841847585378e-01
-4.228994281179991876e-01 8.239828172435725850e-01 -1.328577736582831070e+00 9.684046568033201074e-01
-4.389681376757277320e-01 9.038438393192904652e-01 -1.379059076482059165e+00 1.128669783166172058e+00
-4.272898396047146719e-01 9.530938203635535011e-01 -1.342370621055732682e+00 1.263298245421186072e+00
-3.362331431315324082e-01 -8.464317205093581098e-01 -1.056307572355427604e+00 -1.009248140018554674e+00
-3.504352838028979011e-01 -9.102930805500986100e-01 -1.100924913153838336e+00 -1.143991496606741265e+00
-3.155299201180967739e-01 -7.547864784001883098e-01 -9.912664790307871288e-01 -8.553285536651390464e-01
-3.600068273209884318e-01 -6.747644464563153921e-01 -1.130994803953786487e+00 -7.406454917137395011e-01
-3.125656784790573628e-01 -5.779246443862517957e-01 -9.819540392741159529e-01 -6.161833468514139600e-01
-3.562730659535062738e-01 -5.241173875004327964e-01 -1.119264846671447211e+00 -5.516784214824957955e-01
-3.023209473398118519e-01 -4.634337262591867734e-01 -9.497692671890596294e-01 -4.818662517678592438e-01
-3.643753550446326983e-01 -3.874901203041385411e-01 -1.144718938557390597e+00 -3.979074449639518618e-01
-3.162312695898501502e-01 -3.394873342304278729e-01 -9.934698333788465341e-01 -3.463718088206654278e-01
-3.394929330400173750e-01 -2.290129449510931448e-01 -1.066548504384170037e+00 -2.310635578627627251e-01
-3.640161494069429349e-01 -7.741809246706821135e-02 -1.143590460764896344e+00 -7.749563680517831954e-02
-3.488359602432611339e-01 7.322519768495805437e-02 -1.095900490008170358e+00 7.329079414302182294e-02
-3.041764392028840636e-01 1.304749218923910714e-01 -9.555984667948829170e-01 1.308479813382866785e-01
-3.325778036750066669e-01 2.976539313994834846e-01 -1.044823984772429437e+00 3.022342537316549116e-01
-3.291094293873906285e-01 4.167699074201247633e-01 -1.033927765590555214e+00 4.298890030330218548e-01
-3.454545655675467231e-01 5.408536199953275503e-01 -1.085277525336058257e+00 5.714516437225062306e-01
-3.369746601855014845e-01 6.481789555854935436e-01 -1.058637116884688423e+00 7.051905667230522479e-01
-3.230069119368641495e-01 7.522945874143081024e-01 -1.014756141599577610e+00 8.515380260334063367e-01
-3.329847115189972229e-01 8.569677156135373508e-01 -1.046102323465798234e+00 1.029356868335647990e+00
-2.527530269133608787e-01 -9.166458952823006712e-01 -7.940470525235977517e-01 -1.159606493973551533e+00
-2.582427252319365873e-01 -8.596577044548345814e-01 -8.112934484316595141e-01 -1.034599270144100691e+00
-2.366459747942077918e-01 -6.844070080229993636e-01 -7.434452559150785955e-01 -7.537900677318091214e-01
-2.445479436811190954e-01 -5.865374083938461602e-01 -7.682700233190942196e-01 -6.267769735005603859e-01
-2.637107065213761814e-01 -3.589580877511535650e-01 -8.284716182805293982e-01 -3.671513432565372548e-01
-2.330552211515093397e-01 -4.440339490427327451e-01 -7.321645706503262518e-01 -4.600958025505065829e-01
-2.584268806100109561e-01 -1.519754707030154250e-01 -8.118719896145369930e-01 -1.525666540010535976e-01
-2.976499077164094231e-01 -1.679027474986505286e-01 -9.350947634235516892e-01 -1.687018271657746704e-01
-2.651116560432871250e-01 1.717201468343658721e-01 -8.328728310066149110e-01 1.725754879371556860e-01
-2.376340340768963166e-01 6.234089394209196833e-02 -7.465493356988840423e-01 6.238134486623848202e-02
-2.972813828277955928e-01 5.068816129385700364e-03 -9.339370083408174983e-01 5.068837835065073162e-03
-2.289627614459106564e-01 2.471418613587992308e-01 -7.193077293041052478e-01 2.497295020252832398e-01
-2.617751469346092374e-01 3.967451519932088111e-01 -8.223908785021570855e-01 4.079682561982218014e-01
-2.835771992618782988e-01 2.782865482972165516e-01 -8.908840459266857970e-01 2.820097270737460526e-01
-2.841194636975519217e-01 5.783758101546814245e-01 -8.925876198941010697e-01 6.167362933009080672e-01
-2.381101800869047658e-01 4.926499502039383138e-01 -7.480451925059626861e-01 5.151322606441971486e-01
-2.692308863730936697e-01 7.071217901566217989e-01 -8.458137747491794034e-01 7.854193895117601576e-01
-2.476857853478846572e-01 8.558709006519786833e-01 -7.781278436475328464e-01 1.027232410761148795e+00
-2.089706961300383803e-01 -9.855336400177374667e-01 -6.565008037776736138e-01 -1.400494392415957856e+00
-2.186265359794350438e-01 -7.929857023999524746e-01 -6.868355193127777536e-01 -9.156941834465727181e-01
-1.695540796277377193e-01 -4.984756345836471869e-01 -5.326698509446796681e-01 -5.218394826054100211e-01
-1.873577122112974891e-01 -6.461215559530355534e-01 -5.886016122764028413e-01 -7.024918483727373708e-01
-1.529037386546054922e-01 -3.239986574135838016e-01 -4.803612620637223163e-01 -3.299530986903490004e-01
-1.927841232661433590e-01 -3.959946109717418228e-01 -6.056491853816651227e-01 -4.071507543073349944e-01
-2.115038014742274264e-01 -2.339547815053442115e-01 -6.644587889177469009e-01 -2.361433748444093095e-01
-1.594134704866407848e-01 -2.288917738722795470e-02 -5.008121877640839825e-01 -2.289117652034684813e-02
-2.133644387764357386e-01 -1.015061139179451732e-01 -6.703041533973597144e-01 -1.016812383407149634e-01
-1.652180027606444668e-01 -1.474485654156505454e-01 -5.190476637136187676e-01 -1.479881430455880775e-01
-1.768010428388411270e-01 1.272797065061694877e-01 -5.554368573295175304e-01 1.276258940501419914e-01
-1.460930452806288304e-01 2.325733511706795653e-01 -4.589648377941845103e-01 2.347227543235355651e-01
-1.991296679178686801e-01 2.014551461445557301e-02 -6.255843018425513158e-01 2.014687751188934742e-02
-2.013780538712235391e-01 3.399570176010169309e-01 -6.326478146360454691e-01 3.468711926341954688e-01
-1.445910834535604206e-01 4.028105993260504558e-01 -4.542462855522941267e-01 4.145855210650480904e-01
-1.817673868499158907e-01 6.027813282377723070e-01 -5.710390871899096998e-01 6.469823206808560379e-01
-1.913213911503433007e-01 4.786457871939142628e-01 -6.010538769124977865e-01 4.991116934268383099e-01
-2.097282260703521306e-01 7.263740190511887018e-01 -6.588806542730375471e-01 8.130314439506034496e-01
-1.848851654708481007e-01 9.091562191979929430e-01 -5.808338776009496218e-01 1.141253457640442281e+00
-1.705202263419847153e-01 8.447400115239320773e-01 -5.357050903644479112e-01 1.006079181511699838e+00
-2.094323325440683448e-01 9.828006838662020073e-01 -6.579510773446196614e-01 1.385060782195698392e+00
-7.103118337286251638e-02 -8.904209783828946900e-01 -2.231510438599743351e-01 -1.098269281243692941e+00
-1.360675807756757116e-01 -9.314312252440020146e-01 -4.274689121565986016e-01 -1.198326087353718705e+00
-1.400528807063687875e-01 -6.989117077649322773e-01 -4.399891011412158659e-01 -7.738747185449537103e-01
-1.421727710010514123e-01 -8.252234072866870829e-01 -4.466489329174070932e-01 -9.705976323340622658e-01
-6.893205890943154834e-02 -6.746486999896512682e-01 -2.165564498666890103e-01 -7.404886719707662879e-01
-1.339813981293340728e-01 -5.986511478939584574e-01 -4.209149760808051921e-01 -6.418161075740457244e-01
-8.130243045776408550e-02 -5.695171279904143180e-01 -2.554191182451067132e-01 -6.059182853679859759e-01
-8.078781286837921627e-02 -3.261158348407362517e-01 -2.538023994068870914e-01 -3.321918537870511279e-01
-1.156057200797664386e-01 -4.434077914471230564e-01 -3.631860809155522674e-01 -4.593970946276182965e-01
-1.050356151884264122e-01 -1.030474784440396085e-01 -3.299791170412448849e-01 -1.032307285858978796e-01
-1.146648517303132664e-01 -2.259870944861033237e-01 -3.602302558209150574e-01 -2.279562257542790960e-01
-1.081743266930936809e-01 4.054766166585421772e-02 -3.398396700460453723e-01 4.055878071630079906e-02
-7.144820962470510572e-02 1.658946435061712243e-01 -2.244611704691171217e-01 1.666651565543351143e-01
-7.986509740305480776e-02 2.920373857800848683e-01 -2.509036032796702620e-01 2.963563969501968320e-01
-1.035533314223557877e-01 4.829022820778798852e-01 -3.253223852512220349e-01 5.039660349810618500e-01
-7.633772794057813726e-02 6.656875742659553730e-01 -2.398220452898565669e-01 7.284148363220915856e-01
-1.267858647062483080e-01 6.133528235040015542e-01 -3.983095411401791353e-01 6.602987357126690604e-01
-7.864309095259147675e-02 8.240496030369781622e-01 -2.470645567922553076e-01 9.685225349805546280e-01
-1.427565532652186331e-01 7.331799917138268619e-01 -4.484829389898108420e-01 8.229864588096434952e-01
-8.875735109071114515e-02 8.940130330851983054e-01 -2.788394421386681254e-01 1.106223488460613913e+00
-1.318922869755982941e-01 9.522230672362155257e-01 -4.143518398276963555e-01 1.260434297238190782e+00
7.816385253485602647e-03 -8.391655637705366377e-01 2.455589848997796060e-02 -9.957471617978427281e-01
-5.074632886936680798e-02 -7.648321569504947792e-01 -1.594242939726543962e-01 -8.707807571489700749e-01
-1.438323343152525524e-03 -6.812280749375696498e-01 -4.518626048334685626e-03 -7.494388628701087463e-01
-1.363023904761151428e-02 -5.466576507061620127e-01 -4.282065885864907301e-02 -5.783674627887008812e-01
7.230792487773030075e-03 -4.443053364422819840e-01 2.271620455922001430e-02 -4.603987096451289673e-01
-2.835656250365303777e-03 -2.744148841281370821e-01 -8.908476844253616911e-03 -2.779811751624380878e-01
-5.421543752034230224e-02 -4.548786341643509257e-01 -1.703228202250638146e-01 -4.722359280228115019e-01
-5.406587039463328637e-02 -1.950936732589418909e-01 -1.698529412417178197e-01 -1.963529577480650212e-01
-5.998620262721798824e-03 -1.014182591040331261e-01 -1.884522134904167631e-02 -1.015929277910363887e-01
-4.194473933141318334e-02 -5.370545792197178869e-02 -1.317732849403065176e-01 -5.373130838376678070e-02
9.567033339792363478e-03 2.004741452417166947e-01 3.005572165694031170e-02 2.018418671734827641e-01
-2.432704969632437653e-02 7.367357588301937099e-02 -7.642568060948647102e-02 7.374038671877120033e-02
-3.335270935900913614e-02 2.180769221771809985e-01 -1.047806266995786467e-01 2.198435304519047451e-01
1.051203735257777439e-02 4.035030203355514100e-01 3.302453932111983070e-02 4.153421571116637234e-01
-4.584006165317910941e-02 3.737276286397044345e-01 -1.440108009297306757e-01 3.830246227263635062e-01
-4.420997722404784724e-02 5.016071497782819133e-01 -1.388897396624407810e-01 5.254555486172933776e-01
-3.201222812467485745e-02 6.011193251360216205e-01 -1.005693807015190927e-01 6.449010005567746839e-01
9.144524969964651362e-03 5.411468764624465244e-01 2.872837246620937174e-02 5.718003341488621105e-01
7.669875573425466442e-03 6.710971752922676448e-01 2.409562475542124590e-02 7.356877286716426712e-01
-2.604207970467409261e-02 7.687719881144821077e-01 -8.181360628440398353e-02 8.769187293686436790e-01
4.066834807685770770e-03 9.118606272795433121e-01 1.277633835518887651e-02 1.147794074386083496e+00
3.353529556010048651e-02 -9.451686476344074439e-01 1.053542381675740963e-01 -1.238110618568750043e+00
3.342929234840319452e-02 -9.792618066890419470e-01 1.050212192564489583e-01 -1.366785194026250760e+00
7.010416565658506016e-02 -8.781237519842621797e-01 2.202387318127695115e-01 -1.071926326048894040e+00
5.187681444867342506e-02 -7.007982519611104522e-01 1.629758191635932718e-01 -7.765158861792904599e-01
8.126710908479140016e-02 -5.050205518070103317e-01 2.553081528792610078e-01 -5.294057765713259256e-01
8.143353191256563761e-02 -6.110258733790465691e-01 2.558309856123862081e-01 -6.573558755699198120e-01
3.605222184622758341e-02 -5.579257626076288279e-01 1.132613952976980198e-01 -5.918842840984391840e-01
7.394355550730158377e-02 -3.503160674624978821e-01 2.323005307620477355e-01 -3.579085335842608351e-01
7.812610828658628215e-02 -1.034615222841690496e-01 2.454404078467001260e-01 -1.036469973986548637e-01
3.915585596612225494e-02 -2.075829709304577442e-01 1.230117494481897528e-01 -2.091034585499511600e-01
2.812487663174811914e-02 4.061767922524150976e-02 8.835690580941914229e-02 4.062885600483984172e-02
8.616862460107488353e-02 9.100044946513863309e-02 2.707067180166735643e-01 9.112651684862242696e-02
5.270367271575060464e-02 2.038122515173468319e-01 1.655734710210029215e-01 2.052503398642026022e-01
7.997198451596987390e-02 4.237210365190575700e-01 2.512393990483676176e-01 4.375494360304694186e-01
5.057875501257402817e-02 3.375976597821899183e-01 1.588978451752204868e-01 3.443635483662850771e-01
4.001876927211123203e-02 7.649257240528568591e-01 1.257226715509696113e-01 8.709260084251242429e-01
1.230911717875393663e-02 8.362879249688157657e-01 3.867023210094928942e-02 9.904775771112963589e-01
2.424593676412789556e-02 9.856371844699105544e-01 7.617085681758688220e-02 1.401106435692812457e+00
1.633288001427066760e-01 -9.406166948124432547e-01 5.131125586479629019e-01 -1.224442394580499860e+00
1.183554518414495771e-01 -7.055039038901418369e-01 3.718246180173985227e-01 -7.831339140627465722e-01
1.268097015390348137e-01 -7.892870269556926388e-01 3.983844267589460308e-01 -9.096469815975518625e-01
1.316714717353106856e-01 -5.806392958692869755e-01 4.136581282910081203e-01 -6.195136915418282264e-01
1.203782998148736905e-01 -4.019829163433188413e-01 3.781795823500367359e-01 -4.136814092858239755e-01
1.070516771399443456e-01 -2.775576916915392101e-01 3.363127624573155616e-01 -2.812509784909873467e-01
1.509124340317655744e-01 -3.625589978929033563e-03 4.741053940895489927e-01 -3.625597921980599440e-03
1.190596113249751120e-01 -1.035040879828694749e-01 3.740368002777979539e-01 -1.036897928557796167e-01
1.344739907662522160e-01 1.296134499393180040e-01 4.224625014901596254e-01 1.299791312551628053e-01
9.836446429765111077e-02 2.617025817742921756e-01 3.090210784117962128e-01 2.647858439779845474e-01
1.439245264181869821e-01 2.571967159023533789e-01 4.521522348667663116e-01 2.601202059939017319e-01
1.334849656248586758e-01 4.842632855281518989e-01 4.193553873717421054e-01 5.055209371215367842e-01
9.618965004871271596e-02 6.046601582121282625e-01 3.021886979444089461e-01 6.493391205774090569e-01
1.633796299704541877e-01 6.529828394127088487e-01 5.132722452613976971e-01 7.115161865235278826e-01
1.331810534969626314e-01 7.395027165940435410e-01 4.184006192634070476e-01 8.323313213361671625e-01
1.181250088430283451e-01 9.209598254072259849e-01 3.711006599864871691e-01 1.170536612440655544e+00
1.062103922568509162e-01 8.523257903012668724e-01 3.336697880490130941e-01 1.020416232984751703e+00
2.254506155464826023e-01 -9.748768191734860089e-01 7.082739975481265882e-01 -1.346167357017425958e+00
1.824416728557796130e-01 -8.704000097930819635e-01 5.731574191523496342e-01 -1.056014195949036560e+00
2.399621530946818293e-01 -7.741763432518531385e-01 7.538633373018416295e-01 -8.854128002559733535e-01
2.000183809811397762e-01 -6.773104342893325747e-01 6.283762762732730822e-01 -7.441006489555475056e-01
1.817236945687232819e-01 -5.267710657929118856e-01 5.709018238402964185e-01 -5.547973602736170351e-01
2.268377753343999714e-01 -5.616499573234019493e-01 7.126318885472029407e-01 -5.963786607944316920e-01
2.222367355764001129e-01 -2.878160690092477214e-01 6.981772958445959798e-01 -2.919456282057266150e-01
1.676923923503474967e-01 -3.893950267880064153e-01 5.268211878707489415e-01 -3.999746863714426226e-01
2.218702865942825397e-01 -4.402561214571478754e-01 6.970260624144599682e-01 -4.558839072429535233e-01
2.149005964397159296e-01 -1.369433363750462984e-01 6.751301350270764168e-01 -1.373750166620521518e-01
1.714461489804617322e-01 -2.403380131574013312e-01 5.386139621232798325e-01 -2.427140557715101732e-01
1.893084199017600611e-01 -3.708464035450464991e-02 5.947299412260611540e-01 -3.709314585499491612e-02
2.085101105222200157e-01 7.522793594499521674e-02 6.550538314158022013e-01 7.529907277569493351e-02
1.984144053966669929e-01 2.433653878214996347e-01 6.233372383605559897e-01 2.458340545948554390e-01
1.736074300913430513e-01 4.182584516495446714e-01 5.454038269835669306e-01 4.315271597162515516e-01
2.195877087596953547e-01 3.845313235561680365e-01 6.898551326580739662e-01 3.947000552798028417e-01
2.109655792781266470e-01 6.122388601186552481e-01 6.627679140204777442e-01 6.588890856552983566e-01
2.400154338258901898e-01 4.941223026230914250e-01 7.540307236555837678e-01 5.168249890436872329e-01
2.046312341426042014e-01 7.383633285697086546e-01 6.428679818774182264e-01 8.306402789594026226e-01
1.717721455339871195e-01 8.140174846724825830e-01 5.396381105009306900e-01 9.510356433235794826e-01
2.190875460187966528e-01 8.692154868284633906e-01 6.882838250656673207e-01 1.053613409589125860e+00
1.813960248798691666e-01 9.696787940938700334e-01 5.698724191529883631e-01 1.323913008904372246e+00
2.667925314825081440e-01 -8.493048362585584599e-01 8.381534569380711952e-01 -1.014667054978073857e+00
2.770585367806164268e-01 -9.147335942118117735e-01 8.704050637643220290e-01 -1.154848101389418735e+00
3.033743788087162052e-01 -6.812499102560329867e-01 9.530787197528298726e-01 -7.494686900510049155e-01
2.510097902908561274e-01 -6.512974158163489236e-01 7.885705131568682136e-01 -7.092929598136523683e-01
2.740225966747185105e-01 -5.647468986610615360e-01 8.608673766308945208e-01 -6.001265300858735774e-01
2.668713122226176182e-01 -4.411472033785615032e-01 8.384009539324435156e-01 -4.568765863251190718e-01
3.069371091383772399e-01 -3.451920684736518030e-01 9.642713671832144895e-01 -3.524434251454801048e-01
2.629946617353700056e-01 -3.013717190987630357e-01 8.262220972411711273e-01 -3.061309321219041757e-01
3.013034783078547552e-01 -1.317425784672787703e-01 9.465727939530080848e-01 -1.321266757040212569e-01
2.530867212284517720e-01 -1.713204007465380929e-01 7.950953841324320814e-01 -1.721697287345087535e-01
2.551964030342044332e-01 -9.461821461121955323e-03 8.017231449947966881e-01 -9.461962646751032047e-03
2.809386606502670691e-01 1.800837236391295004e-01 8.825948324082348861e-01 1.810715657460807981e-01
3.027153405891245264e-01 1.543649420922998949e-02 9.510082901237256747e-01 1.543710732338868935e-02
3.165913414378382917e-01 3.443664134434607504e-01 9.946010324512506440e-01 3.515638370794823553e-01
2.534720893701178923e-01 3.146299433274337698e-01 7.963060538552179102e-01 3.200667731222694989e-01
3.091750617889401642e-01 5.008410285080082680e-01 9.713021027893047332e-01 5.245701842259230530e-01
3.187050691089536869e-01 6.575070554353388275e-01 1.001241503774516151e+00 7.175052510509286607e-01
2.630266180161568990e-01 6.361950122863326840e-01 8.263224908581272565e-01 6.895564225715566931e-01
3.166024139734699983e-01 8.029346044283411921e-01 9.946358178478478251e-01 9.322022979992991010e-01
2.632257276920437761e-01 7.275210268815606174e-01 8.269480123531520732e-01 8.147017804539873342e-01
2.697487819472235149e-01 9.159755944592233856e-01 8.474407916801923735e-01 1.157932696989330879e+00
3.476517975548674144e-01 -9.523455907862812264e-01 1.092180333205657439e+00 -1.260835734431998700e+00
3.819367211121362793e-01 -8.745321560051135812e-01 1.199889597182060896e+00 -1.064470284432902147e+00
3.755216530805973729e-01 -6.744494398148044301e-01 1.179736066581899667e+00 -7.402187558559764069e-01
3.397155010320975776e-01 -8.071766491088825379e-01 1.067247722353013462e+00 -9.393535260876226811e-01
3.367832365421805640e-01 -5.404633159890712690e-01 1.058035741773108107e+00 -5.709876821914767753e-01
3.909929298074679149e-01 -5.688420008661634331e-01 1.228340515888690865e+00 -6.050971757920954319e-01
3.875519828056068761e-01 -3.013905457455612336e-01 1.217530462066252372e+00 -3.061506768231461728e-01
3.433145571734530499e-01 -2.690398041648682792e-01 1.078554490686553180e+00 -2.723959379579209417e-01
3.430182884080001937e-01 -4.192478347514119186e-01 1.077623734909518349e+00 -4.326166686524976490e-01
3.790926377021968108e-01 -1.324946721331319299e-01 1.190954645635198483e+00 -1.328854206133104621e-01
3.259363559615517936e-01 1.147033979465108544e-01 1.023959261426638845e+00 1.149564218185006453e-01
3.613069382349129999e-01 5.062754032072236399e-03 1.135079222849823877e+00 5.062775659966790680e-03
3.801107860402155314e-01 1.283648694786376776e-01 1.194153252974182733e+00 1.287200321989787066e-01
3.747871298291607367e-01 4.648109580587735934e-01 1.177428493731295323e+00 4.834210914367975120e-01
3.648282154859532334e-01 2.585325958029631721e-01 1.146141641592944627e+00 2.615028454394497937e-01
3.493129480825696298e-01 5.817177091636698272e-01 1.097398991499993537e+00 6.208388883473237030e-01
3.685360911832704645e-01 9.289294789909310346e-01 1.157790276644060645e+00 1.191510982924309126e+00
4.763405932612687632e-01 -9.436253739714430822e-01 1.496468108396205698e+00 -1.233416958130669983e+00
4.395243019484913471e-01 -8.322458528936185207e-01 1.380806318075562311e+00 -9.831463647217449919e-01
4.416477301307237813e-01 -6.997354627313123743e-01 1.387477264453289338e+00 -7.750271375581609945e-01
4.629803347206067343e-01 -6.106282855563223144e-01 1.454495618314801453e+00 -6.568537211156088018e-01
4.386011653753865147e-01 -4.585356095939954191e-01 1.377906198999236276e+00 -4.763466628475098164e-01
4.491348287186067711e-01 -2.327706139162744048e-01 1.410998678373684978e+00 -2.349255836665687103e-01
4.448704667117309164e-01 -7.432283807825501576e-02 1.397601790020636559e+00 -7.439143385313599921e-02
4.106408329682678104e-01 2.293846467111715359e-01 1.290066224117103477e+00 2.314454250702824845e-01
4.655753494764176548e-01 2.250176341463048235e-01 1.462648097607614162e+00 2.269611344230428318e-01
4.405435399350208225e-01 1.267956938837315750e-01 1.384008348646303066e+00 1.271379278666120438e-01
4.734458191171628805e-01 1.529358139098313529e-02 1.487373907211281043e+00 1.529417763228996946e-02
4.007998971660875487e-01 9.788086095967596378e-04 1.259150012496525139e+00 9.788087658907499745e-04
4.743791235532246464e-01 3.675818097059351253e-01 1.490305969571175337e+00 3.764074509432505100e-01
4.128109521990541708e-01 3.635085590999329597e-01 1.296883854749955933e+00 3.720313407315019028e-01
4.531904937662141197e-01 5.607080154452934728e-01 1.423739925892669289e+00 5.952406297617295339e-01
4.230403136704885547e-01 4.754791376029925409e-01 1.329020341599528532e+00 4.955085951174306169e-01
4.528613246249941771e-01 6.768667929483858092e-01 1.422705810536824211e+00 7.434977946765919388e-01
4.042485516968341575e-01 7.174583751497682904e-01 1.269984280235087803e+00 8.001468221579787210e-01
4.025078279958989036e-01 8.197228303436634445e-01 1.264515635444300123e+00 9.609269320295693584e-01
4.631599815410636367e-01 8.673661898659708047e-01 1.455059995446189802e+00 1.049885383141296868e+00
4.268838138444999153e-01 9.661421282780482400e-01 1.341095053510273694e+00 1.309833973189511225e+00
5.144463867433435311e-01 -8.607334063332441332e-01 1.616180989258701572e+00 -1.036708640820380500e+00
5.510442227574041674e-01 -7.895858405883871001e-01 1.731156482017758513e+00 -9.101337817228731808e-01
5.351163470378537124e-01 -7.074844796541532865e-01 1.681117584669927556e+00 -7.859324524506368093e-01
4.785929512608948500e-01 -7.704769803965807462e-01 1.503544099741085160e+00 -8.795890560145819270e-01
4.898710139352149273e-01 -5.137658347884850318e-01 1.538975178585454406e+00 -5.395684910062211737e-01
5.313241373162269632e-01 -4.375546155292238115e-01 1.669204006467593038e+00 -4.528773323094508751e-01
4.817317418305682164e-01 -3.199800248115363122e-01 1.513404901135927849e+00 -3.257084035417510681e-01
5.406500431903236148e-01 -3.195598223559750206e-01 1.698502203849725056e+00 -3.252649158593181045e-01
4.976636595088514969e-01 -1.979830034918110826e-01 1.563456496671620011e+00 -1.992997632324844115e-01
5.379582392147892467e-01 -1.578133250612090421e-01 1.690045652255282471e+00 -1.584758351935159071e-01
5.285335910005828364e-01 2.913668499546373525e-02 1.660437246662863409e+00 2.914080915189255425e-02
5.094116762154181632e-01 1.488045915225972848e-01 1.600363979651220125e+00 1.493592952543681684e-01
5.298108368123524148e-01 4.045861544887752181e-01 1.664449832721947020e+00 4.165262477740208080e-01
5.162762504540061581e-01 2.762074774857001813e-01 1.621929675649189884e+00 2.798458280461807446e-01
5.214028891046291747e-01 6.135946336246582700e-01 1.638035485971596650e+00 6.606049348907651053e-01
4.914819560726169101e-01 4.930635304238115690e-01 1.544036102569674718e+00 5.156075798603325655e-01
5.155581588287909689e-01 8.017900680119351975e-01 1.619673724274809379e+00 9.302846268464008972e-01
5.526062938296492089e-01 6.910254140932965417e-01 1.736063873022708481e+00 7.629067019796668125e-01
5.082114470089811320e-01 9.282552381237110239e-01 1.596593348393653633e+00 1.189694113614072180e+00
5.873742441902711775e-01 -9.176189217958665711e-01 1.845290610456013169e+00 -1.162047720512079607e+00
6.091500754875884827e-01 -7.371542726932267531e-01 1.913701402085475900e+00 -8.288492548636727797e-01
6.282269135887517120e-01 -8.278116076222905573e-01 1.973633056517812179e+00 -9.751955479829795825e-01
6.076731969070057193e-01 -5.442798283629399769e-01 1.909061651186472863e+00 -5.755304078672845991e-01
5.730074595636145407e-01 -6.393152207386070263e-01 1.800156025417201988e+00 -6.936073914267323337e-01
5.600412464260486889e-01 -5.391734178814642231e-01 1.759421465479345636e+00 -5.694553387557451662e-01
5.912167883224688225e-01 -2.692126296677472830e-01 1.857362318872819884e+00 -2.725753841431501345e-01
6.238616372008891631e-01 -4.126809119431680273e-01 1.959919136286814245e+00 -4.253953316322413580e-01
5.795330337927646625e-01 -4.247416135122101810e-01 1.820656721475954809e+00 -4.386764557852670388e-01
6.051600802559933268e-01 -4.453940242067355726e-03 1.901166462378038213e+00 -4.453954968100856844e-03
6.020627727187048972e-01 -1.341462980619039236e-01 1.891435983772984608e+00 -1.345519236524273798e-01
5.614532308514785797e-01 1.586720088423281272e-01 1.763857345377259245e+00 1.593454762617778075e-01
6.215389657622387709e-01 3.093343490861248934e-01 1.952622248758447254e+00 3.144929699469857232e-01
5.721093813396560535e-01 3.895779713335454364e-01 1.797334629466464939e+00 4.001733162901393581e-01
6.283837449879572379e-01 6.418945789801056012e-01 1.974125756889408390e+00 6.969665013587050817e-01
5.660733565207012319e-01 5.404994986919096078e-01 1.778371898238350735e+00 5.710306874171413583e-01
5.997279153979631072e-01 8.161042987580466868e-01 1.884100813166961874e+00 9.546374915502769953e-01
6.042179556038622668e-01 9.059898717898571263e-01 1.898206690492137527e+00 1.133712367957849576e+00
7.036320249624306022e-01 -8.339224557723725617e-01 2.210525200452481798e+00 -9.861774036899977336e-01
6.780516992210054994e-01 -7.250920442004171740e-01 2.130162237026786975e+00 -8.111680434016225183e-01
6.865355702340489863e-01 -6.012194273525726107e-01 2.156815103875367789e+00 -6.450262658641440217e-01
6.519133904346487984e-01 -5.131227125780120080e-01 2.048046318166307334e+00 -5.388190386693475498e-01
6.909073651890356160e-01 -4.512200175181491080e-01 2.170549502788954754e+00 -4.681319673791747293e-01
6.746888945483993094e-01 -2.866081923197456582e-01 2.119597674571870094e+00 -2.906846214171058818e-01
6.799664841672119486e-01 -1.297641886860287919e-01 2.136177711346993302e+00 -1.301311538719584215e-01
6.442338446589714884e-01 -2.023085661952217507e-02 2.023920313574532948e+00 -2.023223691341459463e-02
6.704271097205320995e-01 1.073916669982275529e-01 2.106208882665461690e+00 1.075991698665580698e-01
6.349272159990313469e-01 1.745179132277452361e-01 1.994682677346776734e+00 1.754161467226122983e-01
6.869410494488057406e-01 4.399745294674637375e-01 2.158088954397630932e+00 4.555703099005863899e-01
6.890901384970706811e-01 2.937497733191654081e-01 2.164840516763570477e+00 2.981473258867410325e-01
6.344882029860683392e-01 5.079349531027552711e-01 1.993303477290421677e+00 5.327857636754482762e-01
6.804588918965388533e-01 5.782367376775554568e-01 2.137724655852017541e+00 6.165658236859088426e-01
7.092107722625049515e-01 6.821242189357701324e-01 2.228051351986629403e+00 7.506636824625243509e-01
6.548420265790775296e-01 7.524242522762134566e-01 2.057246899962681841e+00 8.517348598915479574e-01
6.954429321948079057e-01 8.674097912246745423e-01 2.184798406774153268e+00 1.049973000733779971e+00
6.558933767512544755e-01 9.585137504538845388e-01 2.060549813939943409e+00 1.281741600422321437e+00
7.620619935272503476e-01 -8.897149690097394537e-01 2.394088360445202124e+00 -1.096720428324356567e+00
7.387435998252496194e-01 -7.327802184681992959e-01 2.320831466097482032e+00 -8.223987730663004925e-01
7.415577888140418850e-01 -6.413881463764536939e-01 2.329672501550485109e+00 -6.963062282641684364e-01
7.320974895553244988e-01 -5.018347445149633490e-01 2.299952094898537691e+00 -5.257186549386232421e-01
7.809842242837541360e-01 -2.931606636971864077e-01 2.453534301579365362e+00 -2.975310849006823077e-01
7.327122467184459254e-01 -2.777585433449063501e-01 2.301883411485941888e+00 -2.814600508812770130e-01
7.574859823872244213e-01 -4.118415736106759706e-01 2.379712397464951668e+00 -4.244740606397657268e-01
7.607212633785906952e-01 -1.206422739706456415e-01 2.389876332459726527e+00 -1.209368566306903703e-01
7.229178276955925408e-01 -6.678744749526255298e-02 2.271113336637565538e+00 -6.683719902848823946e-02
7.681909451480866124e-01 5.606727365814512254e-02 2.413343029831428677e+00 5.609669023484687572e-02
7.385344954922750116e-01 1.736371864550227961e-01 2.320174545461175519e+00 1.745217644413467883e-01
7.817111858168854788e-01 1.805333393289658694e-01 2.455818118591293064e+00 1.815286733876802783e-01
7.448030620363899068e-01 2.991804897373375738e-01 2.339867828064705613e+00 3.038336897446443086e-01
7.406112412247551902e-01 4.297249163406389183e-01 2.326698834597709098e+00 4.441881082322656771e-01
7.372305264601737296e-01 5.910480804536861754e-01 2.316078005929417483e+00 6.323575453742943386e-01
7.648594370220034300e-01 8.078421718168635746e-01 2.402876788377151129e+00 9.404818089616948651e-01
7.645679066534181167e-01 6.960571068596350663e-01 2.401960918712905180e+00 7.698911735833545711e-01
8.293033277642831713e-01 -9.715736918854303017e-01 2.605333242101840252e+00 -1.331789991064102674e+00
8.241790568391396121e-01 -8.444868355975909680e-01 2.589234870208405592e+00 -1.005606288375518798e+00
8.058539837816174334e-01 -7.648594657387850493e-01 2.531664955314397503e+00 -8.708231480538390912e-01
8.239219065845948542e-01 -5.601992095201790978e-01 2.588427008857859146e+00 -5.946262677026625809e-01
8.103040838531914147e-01 -6.677606652672563037e-01 2.545645357006993681e+00 -7.311963745972508422e-01
8.552033703311621160e-01 -3.432146336081742799e-01 2.686700625557610245e+00 -3.503372949413742776e-01
8.254249288566961607e-01 -4.456216099052834334e-01 2.593148892586074172e+00 -4.618685053600529722e-01
8.502703569632703573e-01 -2.187648231501855278e-01 2.671203107000981181e+00 -2.205484520102065915e-01
8.178177113911639928e-01 -1.260605887576669026e-01 2.569250114082098246e+00 -1.263968763539381757e-01
8.342891819213891225e-01 1.749804994245112155e-01 2.620996764893674502e+00 1.758859619821405984e-01
8.145354658292707217e-01 5.088895932523707089e-03 2.558938635537576722e+00 5.088917897185464903e-03
8.509104079553022615e-01 4.904566363309426080e-02 2.673213886495471314e+00 4.906534798512428297e-02
8.549932832998217158e-01 3.744125303128682525e-01 2.686040617683336684e+00 3.837631404873784180e-01
8.081187783406846847e-01 4.523171077307661658e-01 2.538780017263053246e+00 4.693617029269614438e-01
8.108460388130944718e-01 2.905209828085721924e-01 2.547347958727602002e+00 2.947712591755386469e-01
8.168663366701145456e-01 5.736823692557997401e-01 2.566261282247638498e+00 6.109945642521782405e-01
8.649399822871415289e-01 5.787710996328512270e-01 2.717289094149369699e+00 6.172209362776216457e-01
8.635468284788876403e-01 7.283794797718496916e-01 2.712912372380038573e+00 8.159538452677791431e-01
8.211894955239182892e-01 6.710690222581621178e-01 2.579842886343049813e+00 7.356497549565117477e-01
8.593415751652841994e-01 8.253883041624010541e-01 2.699701179463537937e+00 9.708896475228018241e-01
8.664936909650637897e-01 9.376518957971067270e-01 2.722170213917749049e+00 1.215811882724368687e+00
7.981037276889801912e-01 8.835945148910238078e-01 2.507316807710328721e+00 1.083483906069445224e+00
8.936612941223029960e-01 -9.927195636794610145e-01 2.807519756412174328e+00 -1.450054555751963736e+00
9.302591676600442394e-01 -8.373934811293615166e-01 2.922495367055350624e+00 -9.924970579657399483e-01
8.866327202619590508e-01 -9.269895588842895773e-01 2.785438840407304717e+00 -1.186305557878962080e+00
8.943790764783512426e-01 -6.944245290205091070e-01 2.809774736188812128e+00 -7.676198440267903988e-01
9.670845234360128106e-01 -7.310478033388134733e-01 3.038185634226963749e+00 -8.198563239592637775e-01
8.736457162732549353e-01 -7.799802139601512696e-01 2.744638964084250343e+00 -8.946341996284483677e-01
9.419095335786922263e-01 -6.475128853443343768e-01 2.959096071037008002e+00 -7.043161963937624170e-01
9.737485624492243641e-01 -4.950890585765506113e-01 3.059121330234105152e+00 -5.179373312263033657e-01
8.864685406571688464e-01 -5.658243435493512941e-01 2.784923054967026523e+00 -6.014326899628370526e-01
9.166959926078668275e-01 -3.978447842925660893e-01 2.879885395952077598e+00 -4.091665162262608235e-01
8.953859451128336477e-01 -2.875734364624760175e-01 2.812937907294031703e+00 -2.916922848472969787e-01
9.787268873616086218e-01 -2.674650368545525847e-01 3.074761199206034412e+00 -2.707612571892850650e-01
9.963333170133308325e-01 -3.836366742336039248e-01 3.130073429255830764e+00 -3.937310840200466400e-01
9.237951487541222750e-01 -8.152567392893028675e-02 2.902188052747840530e+00 -8.161625429679579546e-02
9.459194260366714513e-01 -1.879839384454728979e-01 2.971693519724680765e+00 -1.891090856188343827e-01
8.835919565609484660e-01 -1.508886558012068058e-01 2.775885999502907264e+00 -1.514671593024942142e-01
9.089088486669532063e-01 2.108606749793868751e-01 2.855421361754857390e+00 2.124553476625052895e-01
9.172299357026507671e-01 9.221012837009889829e-02 2.881562827656086068e+00 9.234130352656474972e-02
9.701540176357035250e-01 1.436676451474689920e-01 3.047828734654948857e+00 1.441665189011218651e-01
9.405553764791674265e-01 3.102202076515006013e-01 2.954841861041334283e+00 3.154246591388265020e-01
9.724068234170926139e-01 4.667328971840631890e-01 3.054906132747725156e+00 4.855930084714824568e-01
9.969710473406891982e-01 2.558719439545718011e-01 3.132076918167231216e+00 2.587495656038865666e-01
9.135326665218386211e-01 6.356419919535540863e-01 2.869947513959302476e+00 6.888398486633153794e-01
9.275068616206476602e-01 4.874257817052334296e-01 2.913848742621551580e+00 5.091391702984766621e-01
9.881990539903358073e-01 7.457699898342853295e-01 3.104518888300422219e+00 8.416898823363395676e-01
9.490654559099152010e-01 8.425726588774447023e-01 2.981577064062437277e+00 1.002042244892364264e+00
9.844985296673238739e-01 9.699882748576098557e-01 3.092893348272817811e+00 1.325182583128478697e+00
9.586875460183752473e-01 9.959242287039882235e-01 3.011805751659354602e+00 1.480479739602134970e+00
