-9.717961335636726705e-01 -8.839656697644480143e-01 -3.052987593990599269e+00 -1.084277137540177627e+00
-9.708437122685193987e-01 -7.285513409233825843e-01 -3.049995474246623317e+00 -8.162047072188841623e-01
-9.048826308272905905e-01 -8.058196852827144152e-01 -2.842772625368021000e+00 -9.370583944809790511e-01
-9.721396002224087507e-01 -4.581678779491316078e-01 -3.054066626322437639e+00 -4.759329098123629698e-01
-9.085134832562620222e-01 -6.227834349419418825e-01 -2.854179284685146367e+00 -6.722952736918300642e-01
-9.018042895633542333e-01 -3.477939824472520147e-01 -2.833101731067996010e+00 -3.552171665034758452e-01
-9.481785885762430421e-01 -3.430623862115900202e-02 -2.978790888162264228e+00 -3.431297145924003950e-02
-9.881554112862902528e-01 -2.634819993095127710e-01 -3.104381780702010207e+00 -2.666299782446985844e-01
-9.056379046081579620e-01 2.750164785603426143e-01 -2.845145387929442826e+00 2.786068418161612992e-01
-8.923104695286370180e-01 5.861881790793432856e-02 -2.803276015792425024e+00 5.865244058683450473e-02
-9.979829423931410037e-01 8.656813809817132110e-02 -3.135255880230217507e+00 8.667662858056292274e-02
-9.098668937013865143e-01 6.215959212459920558e-01 -2.858431148996841031e+00 6.707783944035096146e-01
-9.736018746044752259e-01 4.094891006843157655e-01 -3.058660496778670357e+00 4.218939885697581271e-01
-9.079249505800219833e-01 4.493743712576139249e-01 -2.852330354753072950e+00 4.660648929087301551e-01
-9.252044468319680082e-01 8.557083420376094818e-01 -2.906615493235919168e+00 1.026918180956208904e+00
-9.258180577272550060e-01 9.332800709220976376e-01 -2.908543208716715345e+00 1.203439976113972243e+00
-8.159115514684940340e-01 -7.565439123733215254e-01 -2.563261736072471209e+00 -8.580118346359710824e-01
-8.430815862005147654e-01 -5.359549143648616454e-01 -2.648618917584367072e+00 -5.656384262167087895e-01
-7.980344639531034012e-01 -2.638139891065802711e-01 -2.507099209266538065e+00 -2.669741450228221291e-01
-8.456475108874057511e-01 -7.183778458099165931e-02 -2.656680007730368498e+00 -7.189971699896142987e-02
-8.331189634583568981e-01 1.350573471681357773e-01 -2.617320415167117442e+00 1.354713396921962132e-01
-8.155537329694932946e-01 4.473196205546141613e-01 -2.562137616104692039e+00 4.637661521289667688e-01
-8.521495680880075696e-01 7.081034519856224119e-01 -2.677106822864999902e+00 7.868086639822073902e-01
-8.014512451555573236e-01 8.923072866815673354e-01 -2.517833343991091155e+00 1.102430709688188015e+00
-7.746423417869954253e-01 -8.914822028370541496e-01 -2.433610690117618436e+00 -1.100606280726028841e+00
-6.843025594451914717e-01 -7.866110696707033778e-01 -2.149799893585706112e+00 -9.053010437068279570e-01
-6.794821522695049243e-01 -6.552679524060438521e-01 -2.134656137815257981e+00 -7.145372834790522099e-01
-7.691420595523454917e-01 -6.027101780319510382e-01 -2.416331043856571714e+00 -6.468931525692362960e-01
-7.154148025388074039e-01 -4.916590439806982626e-01 -2.247541887925309734e+00 -5.139939523500715035e-01
-7.770195677366529274e-01 -4.259662763820650788e-01 -2.441078965696985570e+00 -4.400296341020250024e-01
-6.957531551839235551e-01 -2.558824483732209387e-01 -2.185773001037733643e+00 -2.587604317646927665e-01
-6.788190191038996346e-01 -4.742912135182075772e-02 -2.132572843533840690e+00 -4.744692151499436267e-02
-7.387459135721847758e-01 -2.019057993988226940e-02 -2.320838734947856086e+00 -2.019195200528026840e-02
-7.737693728540557814e-01 2.954995197852339217e-01 -2.430868177331082958e+00 2.999783460518267719e-01
-7.214634402654001022e-01 2.219589400931447631e-01 -2.266544243771399625e+00 2.238230665585889401e-01
-7.743138432499856449e-01 6.402485223725637997e-01 -2.432578681527033382e+00 6.948217481599588963e-01
-7.364885783858412527e-01 4.650447647102164961e-01 -2.313747107309749307e+00 4.836851757326387502e-01
-7.056080153996584503e-01 7.844505608687726284e-01 -2.216732957493640743e+00 9.018097112847723862e-01
-5.745375271325476874e-01 -8.651081633209287691e-01 -1.804962874451258248e+00 -1.045365974476990756e+00
-6.496557231469379801e-01 -4.793805144880918245e-01 -2.040953647200984822e+00 -4.999486960120468337e-01
-5.813285219512192015e-01 -6.176303527579891650e-01 -1.826297413884163001e+00 -6.657261031352205150e-01
-5.986837692460420524e-01 -7.372381664885629959e-03 -1.880820531286812702e+00 -7.372448450481176863e-03
-6.119059167121696508e-01 -2.418932647637463962e-01 -1.922359132631080048e+00 -2.443165880580236149e-01
-6.285678029579648829e-01 1.838162447471871630e-01 -1.974703992055819146e+00 1.848674510526464587e-01
-6.661373832967445452e-01 5.152858965635833677e-01 -2.092732309646580635e+00 5.413412102567591866e-01
-5.967362890286407318e-01 4.246363177391856425e-01 -1.874702341742813250e+00 4.385601504719810473e-01
-5.611694951917378660e-01 5.905125490571419000e-01 -1.762965963513056344e+00 6.316937998654708064e-01
-6.536280552000277577e-01 6.653320519221073148e-01 -2.053433096396590773e+00 7.279385132418101367e-01
-6.127017709567872394e-01 8.135030864633361336e-01 -1.924859382479298775e+00 9.501505818166813278e-01
-6.045525831252500648e-01 9.025813530767552439e-01 -1.899257953855018277e+00 1.125728235982003111e+00
-4.630146012982039316e-01 -9.069716218902339477e-01 -1.454603269943244515e+00 -1.136037436058923600e+00
-5.539306809100901230e-01 -9.828010115439023142e-01 -1.740224557745130962e+00 -1.385062556605051620e+00
-4.686820488439811250e-01 -8.114528042825570608e-01 -1.472408081517663669e+00 -9.466337417116379438e-01
-4.543018272462437945e-01 -6.957805684827012005e-01 -1.427231282989218863e+00 -7.695060872291654697e-01
-5.095502843027861495e-01 -6.026495840455206032e-01 -1.600799429800223495e+00 -6.468172186432513682e-01
-4.762477849019177700e-01 -3.723808283472040959e-01 -1.496176542336276949e+00 -3.815730311981871403e-01
-5.296976613694523994e-01 -4.451044798062175900e-02 -1.664094281581965706e+00 -4.452515830050767648e-02
-4.964294685593115819e-01 -2.035364876591643224e-01 -1.559579171451418445e+00 -2.049686718741651481e-01
-5.459919422765893149e-01 -2.895746327535932974e-01 -1.715284274775355389e+00 -2.937824001553553388e-01
-5.528792905268828939e-01 1.278267701698370118e-01 -1.736921517441192275e+00 1.281774630884878197e-01
-4.784754423923589517e-01 6.198172214701158644e-02 -1.503174934742961044e+00 6.202147712671129270e-02
-4.503497556134863355e-01 3.791802700770665613e-01 -1.414815483781287409e+00 3.889102501617894836e-01
-5.186053960150038833e-01 3.528424206330404989e-01 -1.629246902232761585e+00 3.606071741171341105e-01
-4.976176688765876488e-01 5.046083064860218403e-01 -1.563312012839165988e+00 5.289282140028161994e-01
-4.982276008602124495e-01 6.831551496027803427e-01 -1.565228170678111042e+00 7.520744573344464445e-01
-4.983370570586480586e-01 8.331650604193661103e-01 -1.565572037467006350e+00 9.848064359982257043e-01
-3.623588604036644956e-01 -8.232921127387526905e-01 -1.138383933807321835e+00 -9.671867331473072982e-01
-4.335879834784541753e-01 -5.065933682666101667e-01 -1.362156823580724208e+00 -5.312290223016352675e-01
-3.894741259503442521e-01 -6.206319918087017662e-01 -1.223569052848907379e+00 -6.695484534970662649e-01
-4.074643818858945110e-01 -1.038761839162578582e-01 -1.280087108732232082e+00 -1.040639053889330645e-01
-3.828567568216596495e-01 -2.765218851680086853e-01 -1.202779974608139790e+00 -2.801729772628447912e-01
-4.204199377463304632e-01 1.378171890580668357e-01 -1.320788187846549944e+00 1.382572342257192832e-01
-3.754899625560916832e-01 3.648196974271389337e-01 -1.179636507862924066e+00 3.734391464977776520e-01
-3.463450183281113759e-01 5.453750135782826636e-01 -1.088074965187016963e+00 5.768364572912779709e-01
-4.011065090339993588e-01 6.704385055879216182e-01 -1.260113262088260466e+00 7.347996354429714438e-01
-4.074689862320513001e-01 9.504579293277743979e-01 -1.280101573712292939e+00 1.254705732047491695e+00
-2.927928717591283814e-01 -8.930428954614701986e-01 -9.198359349419361619e-01 -1.104062856503984280e+00
-2.660256584175524353e-01 -4.550229796304761098e-01 -8.357442541509704226e-01 -4.723980198592809265e-01
-3.230073721247588292e-01 -3.775156680654647712e-01 -1.014757587322486776e+00 -3.871119698511298335e-01
-3.232082771107351871e-01 -5.577015452986278099e-01 -1.015388748950499798e+00 -5.916141317657043208e-01
-2.574789597614801639e-01 -6.127054442541870483e-01 -8.088940084406079922e-01 -6.594793307901773982e-01
-3.289012106252797718e-01 -6.788208672770856822e-02 -1.033273627057168076e+00 -6.793432831830596708e-02
-2.409093985119710180e-01 -3.435904249975285651e-02 -7.568391965459440041e-01 -3.436580648614274980e-02
-2.379046484758049473e-01 -2.891943158075569453e-01 -7.473994959064510502e-01 -2.933850831838428763e-01
-2.929758548169265620e-01 -2.333436195774993838e-01 -9.204107931720463265e-01 -2.355148149714875183e-01
-3.109053734906339628e-01 1.494003195054101063e-01 -9.767380373197664944e-01 1.499617577215115183e-01
-2.969549555761978876e-01 3.266626522142581646e-01 -9.329115068852666948e-01 3.327703523845251254e-01
-2.251072431832994436e-01 3.645523600231088679e-01 -7.071952614545046201e-01 3.731520359465479442e-01
-2.691945501989103651e-01 5.289352283041608427e-01 -8.456996212913056032e-01 5.573454268264972367e-01
-3.086415732932341616e-01 7.934845103904799579e-01 -9.696260992504200926e-01 9.165133580102653443e-01
-3.111168541323128256e-01 6.660619366683957487e-01 -9.774024233500412384e-01 7.289166198756784620e-01
-2.297151428950152674e-01 9.015079934966665487e-01 -7.216714053373095572e-01 1.123241541506145413e+00
-1.437178387313460259e-01 -9.339294568816123299e-01 -4.515029063481992844e-01 -1.205252366922696439e+00
-2.182187278495419935e-01 -8.246538553504632052e-01 -6.855543522878315699e-01 -9.695899719695815211e-01
-1.204637036338997991e-01 -7.712024860283501759e-01 -3.784478863604776588e-01 -8.807279456117730332e-01
-1.719703818781699312e-01 -6.756074689686630830e-01 -5.402608883434899534e-01 -7.417883446416952964e-01
-1.513444045631080481e-01 -4.809343463785851203e-01 -4.754624695373818044e-01 -5.017200863161626057e-01
-1.132807052862683239e-01 -2.791123122357119790e-02 -3.558818315208109873e-01 -2.791485647411497129e-02
-1.686562101869932828e-01 -3.230793707167631812e-01 -5.298491109057541504e-01 -3.289815574340168025e-01
-1.638677524259581908e-01 2.489707107150618270e-01 -5.148057271816612879e-01 2.516173553903872095e-01
-1.824034611926510507e-01 2.034415509282827550e-02 -5.730373736721834366e-01 2.034555870983793813e-02
-1.604540999507477750e-01 4.524118514062247520e-01 -5.040814216436315665e-01 4.694679376805483417e-01
-1.391783460257101090e-01 6.891694731669593121e-01 -4.372416694131490700e-01 7.603422407328244148e-01
-2.209964962234427510e-01 7.440995163426127323e-01 -6.942809690046521931e-01 8.391859367591320007e-01
-6.174388759700089047e-02 -6.166721049484384931e-01 -1.939741436788119389e-01 -6.645082666940134164e-01
-8.739644403019242169e-02 -4.171760633534411511e-01 -2.745640265151240156e-01 -4.303358591254663468e-01
-6.245234219609319126e-03 -5.285556576956835784e-01 -1.961998194427222106e-02 -5.568982315427055685e-01
-6.023573158121386939e-02 -2.361647517282783326e-01 -1.892361318191481956e-01 -2.384170519713963710e-01
-9.134922763723185568e-03 -1.403048591682174440e-01 -2.869820624562292866e-02 -1.407693128527432169e-01
-3.755126522729868022e-02 9.569060206374535582e-02 -1.179707789710833926e-01 9.583724198667827043e-02
-1.016252858017199223e-01 1.874249303920356713e-01 -3.192652512936464126e-01 1.885399616964456293e-01
-4.369982765248225931e-02 2.701388545199869817e-01 -1.372870575161783679e-01 2.735372448335592344e-01
-7.072590595386563095e-03 4.159454249853089536e-01 -2.221919865631468913e-02 4.289821820298268529e-01
-9.408850727001860648e-02 4.131015977032337361e-01 -2.955877632267203126e-01 4.258572276039729876e-01
-4.952632721365635149e-02 5.712408061971649964e-01 -1.555915457337070373e-01 6.080167970115931686e-01
-6.541214586994259506e-02 8.501927183190105541e-01 -2.054983169205555904e-01 1.016351242132903288e+00
-1.666679339305598972e-02 6.993608912949085266e-01 -5.236027568252359793e-02 7.745029574767283709e-01
1.180240048470304615e-02 -8.875855892176873763e-01 3.707833465746770280e-02 -1.092077012534524272e+00
4.668111827442333883e-02 -7.174881354601205796e-01 1.466530582322846110e-01 -8.001895452505152218e-01
1.830627486439206919e-02 -3.488266026155442123e-01 5.751085862856961106e-02 -3.563187699303442812e-01
1.041417720253170476e-01 -4.969511213099768732e-01 3.271710259265590559e-01 -5.200817971418904007e-01
5.463697174690773650e-02 -1.735038830851578506e-01 1.716471090544784417e-01 -1.743864065332950686e-01
1.096913135728485589e-01 1.264931691477562126e-01 3.446054248830753841e-01 1.268329474816534685e-01
3.745312950297607912e-02 1.877352233679618898e-01 1.176624765004967849e-01 1.888558621230994050e-01
6.455571770722334790e-02 5.384291943013588266e-01 2.028077684962293903e-01 5.685719168782706889e-01
8.931743848674145170e-02 3.794767843608846114e-01 2.805990085874052187e-01 3.892307153580741863e-01
1.087710106863359893e-01 6.820550656597901273e-01 3.417142080957299988e-01 7.505691162812150319e-01
2.455432339079566262e-02 9.236403734290734580e-01 7.713968197839167484e-02 1.177472763001452094e+00
1.499640332565284062e-01 -9.045351572816571206e-01 4.711259051814050691e-01 -1.130288298752044396e+00
2.060253455776235310e-01 -9.780210314446446951e-01 6.472477121199604611e-01 -1.360748921128140276e+00
1.930409919751407966e-01 -8.054871921615327501e-01 6.064561622307885758e-01 -9.364971177058161178e-01
1.397038604139435591e-01 -6.970241202338958164e-01 4.388926215545789766e-01 -7.712388951817404914e-01
1.713013089097799035e-01 -3.646858136555037877e-01 5.381589336212803110e-01 -3.732953562096216205e-01
1.642718273958851949e-01 -5.611054463576499174e-01 5.160751661386834277e-01 -5.957206889506418968e-01
2.209937034148301560e-01 -4.248902968419954185e-02 6.942721951376319423e-01 -4.250182444712650998e-02
1.167117074379633301e-01 -2.833112331729610300e-01 3.666606426750267933e-01 -2.872450540100833227e-01
1.506256533656680219e-01 -1.813784696995135448e-02 4.732044460557453536e-01 -1.813884161986980062e-02
1.506100353960957428e-01 3.399991409269926823e-01 4.731553807572730919e-01 3.469159840332972089e-01
1.861386577425006017e-01 1.236158160637750303e-01 5.847718397129048062e-01 1.239328270323615672e-01
1.540441932761584809e-01 5.488910740010106704e-01 4.839441059245456755e-01 5.810370242382315586e-01
1.174102308236579795e-01 8.112523754406708587e-01 3.688551186118858016e-01 9.462908686940610936e-01
2.042523084435181602e-01 6.940394837810359707e-01 6.416775516849131389e-01 7.670848741537957816e-01
3.084615476198395712e-01 -8.481052501312331682e-01 9.690605319174261378e-01 -1.012398829584391313e+00
3.047982148469288166e-01 -7.072027494257886460e-01 9.575518325903950023e-01 -7.855338921945100861e-01
2.744652560687601550e-01 -5.459003453849156084e-01 8.622580321312582896e-01 -5.774633290571834499e-01
2.576473572650916921e-01 -3.973015103731774023e-01 8.094230448008368217e-01 -4.085744375342623136e-01
3.054472369223100170e-01 -2.336957573561522228e-01 9.595907955744301665e-01 -2.358769654625071377e-01
2.453730169245955661e-01 -2.144997887682043025e-01 7.708620673594733796e-01 -2.161796694278568243e-01
2.542852305593807927e-01 3.371499708137717377e-01 7.988606122417374333e-01 3.438879770047759687e-01
2.707350167481781256e-01 8.245509120307659146e-02 8.505391396855860320e-01 8.254881141260474176e-02
3.228184617653486743e-01 2.800058634164495075e-01 1.014164107925176861e+00 2.838002169392363494e-01
3.299691253812251368e-01 4.455729335719820217e-01 1.036628580209106198e+00 4.618141325827431198e-01
2.564170509623082683e-01 5.397316837983934246e-01 8.055579235583472109e-01 5.701183498378361580e-01
2.431889521550298916e-01 8.243186120621395219e-01 7.640006255244415900e-01 9.689975457784286705e-01
3.206462084730010709e-01 6.873516265770176492e-01 1.007339772940201383e+00 7.578364659657977898e-01
4.411938518342515270e-01 -7.462851246539181638e-01 1.386051363731468200e+00 -8.424634567786130068e-01
4.168896548126204138e-01 -5.389407103574157532e-01 1.309697476916912962e+00 -5.691790523699019611e-01
3.447928500553811837e-01 -5.561144990778423836e-01 1.083198684744272722e+00 -5.897033490303558168e-01
3.642961201707561880e-01 -3.460651755905672644e-01 1.144470014859712004e+00 -3.533738746193884062e-01
3.888033715258707446e-01 -1.603177793995762546e-01 1.221461815676618379e+00 -1.610125881347003740e-01
3.514612524986679976e-01 8.080994067462698993e-02 1.104148088871282685e+00 8.089815161110143482e-02
3.961885399771851723e-01 2.434166302986164876e-01 1.244663006628790924e+00 2.458868857985504197e-01
4.160418745412359787e-01 1.402804221390141493e-02 1.307034096644473342e+00 1.402850234162711721e-02
4.405121533303757442e-01 4.926526668695241362e-01 1.383909744719729051e+00 5.151353824344905297e-01
4.098245380899350199e-01 6.812586769953945520e-01 1.287501758124170115e+00 7.494806657044590370e-01
3.649637222089594513e-01 8.537251050911887074e-01 1.146567348518453100e+00 1.023097591170644138e+00
3.557924614128282759e-01 9.330895275168442637e-01 1.117754982977171352e+00 1.202909800551733355e+00
5.125803134189552690e-01 -9.705920140411037345e-01 1.610318547011743595e+00 -1.327677979561959321e+00
4.587646209882607629e-01 -8.522120306132774381e-01 1.441251563023625781e+00 -1.020198762445775564e+00
5.099667947523414124e-01 -6.812904875416754269e-01 1.602107935968689612e+00 -7.495241210746785843e-01
4.680458137064420487e-01 -4.337308804635962023e-01 1.470409289883615189e+00 -4.486292971362664805e-01
5.130417855197177968e-01 -2.376063512617090367e-01 1.611768304373335736e+00 -2.399008851702391920e-01
4.912379395069936816e-01 -2.805066113311638354e-02 1.543269501919758646e+00 -2.805434099800808989e-02
5.501096914238374769e-01 -8.273663993431545904e-02 1.728220565245675910e+00 -8.283132546027555110e-02
4.509898964360281592e-01 1.559171968869033087e-01 1.416826545486647770e+00 1.565559384085435102e-01
5.122691278268167725e-01 3.111832619666607957e-01 1.609340928641578294e+00 3.164378593606401169e-01
4.828356663478603483e-01 6.078633471902832319e-01 1.516872982289570571e+00 6.533669531143271314e-01
5.179332860385277293e-01 8.337304570601817844e-01 1.627135406468259715e+00 9.858295967244701252e-01
6.333445476987975553e-01 -8.684871463207026743e-01 1.989710578241692618e+00 -1.052142230570183301e+00
5.798739315069447731e-01 -7.578595673222836560e-01 1.821727683230448536e+00 -8.600260633167747804e-01
5.697425130730442433e-01 -3.853756391073526189e-01 1.789898893508062416e+00 -3.956148701935627288e-01
5.845875210907685027e-01 -5.968136317011774050e-01 1.836535861639026601e+00 -6.395240692442516472e-01
6.184842282583900008e-01 -6.580845125911682914e-02 1.943025507857710776e+00 -6.585604408478461236e-02
6.188102539359889853e-01 2.264706725745777582e-01 1.944049747731337430e+00 2.284526746985394707e-01
5.663219364511580256e-01 1.017149124212617384e-01 1.779152835121703635e+00 1.018911231541437673e-01
6.266702241481609814e-01 4.751187781680605848e-01 1.968742572407331526e+00 4.950990140045088972e-01
5.769989897521050626e-01 3.788878941488162955e-01 1.812695787333945541e+00 3.885942987979607022e-01
6.442798106548119907e-01 7.040718195791622058e-01 2.024064720009380203e+00 7.811152381474063544e-01
5.605922973821970690e-01 6.480794719668532267e-01 1.761152643114934913e+00 7.050599302819389180e-01
6.205140867683265338e-01 8.244385718124584983e-01 1.949402496440354016e+00 9.692094742705068544e-01
5.644832345290706765e-01 9.422726686944224994e-01 1.773376382671132623e+00 1.229353943189650078e+00
7.602048237749443604e-01 -9.523781808896645273e-01 2.388253889594888602e+00 -1.260942597663665898e+00
6.761255714375491443e-01 -7.581307169896109865e-01 2.124111128132405213e+00 -8.604417711561862525e-01
7.434997854019935737e-01 -6.710242255969383063e-01 2.335773463764490909e+00 -7.355893344740197515e-01
7.777325915407933277e-01 -4.652095501275603784e-01 2.443318996041907720e+00 -4.838713226481550223e-01
6.803512819574772941e-01 -5.842658341112569875e-01 2.137386589258008840e+00 -6.239751300967386616e-01
6.960043443993417789e-01 -4.325271296495798445e-01 2.186562135231552517e+00 -4.472937725500020223e-01
6.706390167227054278e-01 -2.666564545048517587e-01 2.106874608146733774e+00 -2.699221999988831722e-01
7.099253426670431022e-01 -1.404097314511554284e-01 2.230296241119999134e+00 -1.408752336543358241e-01
6.963979093200725057e-01 2.562029851504168398e-01 2.187798555895230646e+00 2.590920219471863906e-01
7.399021763963657961e-01 1.024886855614348669e-01 2.324471241741921990e+00 1.026689613313279958e-01
6.701646982338702596e-01 1.020410560247664300e-02 2.105384492666747320e+00 1.020428269243386053e-02
7.576880108168277950e-01 3.889979742989708722e-01 2.380347088495209817e+00 3.995436485992390763e-01
7.407856267606445222e-01 5.591588464189447549e-01 2.327246682916151332e+00 5.933708660200331941e-01
7.179169819042130474e-01 8.037670338861881980e-01 2.255402716237631999e+00 9.336001509495081008e-01
7.326770420654376004e-01 9.066702734825593524e-01 2.301772812806678559e+00 1.135322520190335416e+00
9.632426923263237573e-01 -9.897057259853268008e-01 3.026116165836432170e+00 -1.427185848950828451e+00
8.996705597212757421e-01 -9.121115523505167744e-01 2.826398421071377065e+00 -1.148405757005913852e+00
8.257821300178633805e-01 -8.338314622858500336e-01 2.594271073129851057e+00 -9.860125455952443163e-01
8.746931772039994168e-01 -7.314312224886185820e-01 2.747929659649199774e+00 -8.204184226033797156e-01
9.507262816079000700e-01 -8.134359685882244229e-01 2.986794701874119884e+00 -9.500351811882007391e-01
8.907777142771169387e-01 -3.579336447226886264e-01 2.798460723154498453e+00 -3.660539809949890366e-01
8.307543765585228002e-01 -6.064864652573838111e-01 2.609891846333823651e+00 -6.516340843720787035e-01
9.963458118995041080e-01 -5.899787867550987386e-01 3.130112683098440041e+00 -6.310325676098080816e-01
9.029726235055961503e-01 -5.619575860346124330e-01 2.836772160397882825e+00 -5.967505206709839971e-01
8.421857363257385654e-01 -4.565172211873940178e-01 2.645804522199050712e+00 -4.740767593428955040e-01
7.802172782392808870e-01 -1.373376039116955827e-01 2.451124869520348248e+00 -1.377730449278656288e-01
9.648315089998837912e-01 -1.216516736765238527e-01 3.031107580625989062e+00 -1.219537462000983702e-01
8.042888668322356605e-01 -3.093984526158084503e-01 2.526747995404210911e+00 -3.145603804388271141e-01
8.812739569498526659e-01 -1.471137620936620038e-01 2.768603788953664768e+00 -1.476496483239829183e-01
9.189675667787549074e-01 9.530586407684182859e-02 2.887021756679423845e+00 9.545073751707715271e-02
7.930535880495779288e-01 1.597498846200138267e-01 2.491451326119580312e+00 1.604372784855208345e-01
9.639268258898581188e-01 2.995907136201554355e-01 3.028265434813705692e+00 3.042636342381451753e-01
8.815558952908471024e-01 2.783745462734004139e-01 2.769489524374498135e+00 2.821013453126662851e-01
8.395295511618703355e-01 3.997414497277418377e-03 2.637459870401668294e+00 3.997425143349982689e-03
8.197997647408874489e-01 4.204232628526995974e-01 2.575476918324612896e+00 4.339117633914260086e-01
8.626251636375679155e-01 6.135840367675551299e-01 2.710016876885476655e+00 6.605915147825314193e-01
9.163120843226515433e-01 4.691240141189607638e-01 2.878679312503593213e+00 4.882986085196374115e-01
9.778760090092839530e-01 5.276154813921678510e-01 3.072088086025272613e+00 5.557910881240526457e-01
9.840120403469372334e-01 6.859120294305300902e-01 3.091364996997841175e+00 7.558562906150199101e-01
7.946287546807322411e-01 6.810437750362006160e-01 2.496399858036194352e+00 7.491871410307743284e-01
9.290660516768500798e-01 7.814628322587053866e-01 2.918747082647667135e+00 8.970068509922378697e-01
8.140735497219084849e-01 8.384688375491762269e-01 2.557487483288112706e+00 9.944673863607695896e-01
9.169732190339832112e-01 9.334576542214847450e-01 2.880756328455746029e+00 1.203934749398308579e+00
8.323134825049687269e-01 9.884448847948026362e-01 2.614789922121346422e+00 1.418629066979874898e+00
