-9.006430174695208013e-01 -7.645706438014834294e-01 -2.829453487189190319e+00 -8.703749233070119384e-01
-9.039873621501968159e-01 -9.400188609316204591e-01 -2.839960055869074296e+00 -1.222685592102355168e+00
-9.094566518334255001e-01 -4.330007424796686877e-01 -2.857142336158259965e+00 -4.478191291942366647e-01
-9.752843547612310982e-01 -4.495132561649328728e-02 -3.063946164078945156e+00 -4.496647766846909033e-02
-9.372359309161724106e-01 -2.237591467352926244e-01 -2.944413515246638191e+00 -2.256697154622822610e-01
-9.522654248469855087e-01 1.834174428926123035e-01 -2.991630062966852854e+00 1.844617514463194052e-01
-8.830029053078396473e-01 2.665828188921868236e-01 -2.774035440413552767e+00 2.698457988027835319e-01
-8.803054860660350922e-01 5.683412662543152472e-02 -2.765561247939847700e+00 5.686476800732543496e-02
-8.983877212678021973e-01 5.907644098073769889e-01 -2.822368265210202232e+00 6.320059196127073564e-01
-9.565574142653270329e-01 4.231790870679670302e-01 -3.005113745392799629e+00 4.369512046247657211e-01
-9.784044036358123808e-01 6.875057860406064147e-01 -3.073748086702170923e+00 7.580487331856775590e-01
-9.737357386716831709e-01 8.443157464592236927e-01 -3.059081043148790258e+00 1.005286920116119420e+00
-7.804715550486949205e-01 -8.350245224895798124e-01 -2.451923703676781585e+00 -9.881773528546494711e-01
-7.391627931705171406e-01 -6.052135096468120867e-01 -2.322148400831408388e+00 -6.500340469955456779e-01
-8.396343694804186963e-01 -5.840237858714611985e-01 -2.637789166861181478e+00 -6.236769123870917753e-01
-7.790061833004899849e-01 -4.217359275156495890e-01 -2.447320102557843047e+00 -4.353589856258682778e-01
-8.484220090372831535e-01 -2.720329734105340069e-01 -2.665396350735421915e+00 -2.755050481933766782e-01
-8.052503927679570683e-01 -6.626881098107251233e-02 -2.529768718220109402e+00 -6.631741094381786439e-02
-7.367704091266182864e-01 -2.219429558927736856e-01 -2.314632504694530191e+00 -2.238066734792875934e-01
-7.363576030653853355e-01 9.005130173626541001e-02 -2.313335636205203549e+00 9.017345591359950119e-02
-7.662237495713024593e-01 3.017162822908439068e-01 -2.407162902659229164e+00 3.064923169633921862e-01
-8.357381897309008600e-01 4.537385780824847448e-01 -2.625548957183030829e+00 4.709561801121918689e-01
-7.468752090141854705e-01 6.922947078467924786e-01 -2.346377669787306441e+00 7.646641840916102995e-01
-8.444467080858033547e-01 9.409425057913511914e-01 -2.652907574470444452e+00 1.225403436521233846e+00
-8.365697761099035734e-01 8.080634630667453688e-01 -2.628161462842131257e+00 9.408573580762726873e-01
-6.516898329788631816e-01 -9.415598106621430041e-01 -2.047343991705556032e+00 -1.227231371127409876e+00
-6.025936744867572692e-01 -4.835604781461222412e-01 -1.893103860867275889e+00 -5.047178357815864658e-01
-6.816875620989619744e-01 -7.252939348344369375e-01 -2.141584637133634672e+00 -8.114612565441079450e-01
-6.671813531327568381e-01 -5.460642885797084567e-02 -2.096012037613966594e+00 -5.463360347757686281e-02
-6.771229685212425409e-01 -3.968180042742053271e-01 -2.127244543483248318e+00 -4.080476234983295702e-01
-6.429775466951197505e-01 2.269268644536757140e-01 -2.019973537120576257e+00 2.289210610581151328e-01
-6.688504866126081527e-01 4.744433896142239426e-01 -2.101255775092127909e+00 4.943316176049107891e-01
-6.524004877912519262e-01 6.702469543398570373e-01 -2.049576579643394680e+00 7.345414980820824669e-01
-6.843042262558207689e-01 8.486430515716991696e-01 -2.149805130025734368e+00 1.013414705250336167e+00
-4.781927984610765403e-01 -9.078073896021674472e-01 -1.502286982644862601e+00 -1.138025987663749961e+00
-4.982721259878020170e-01 -7.960639625194541047e-01 -1.565368050491846574e+00 -9.207635507744609260e-01
-4.869044128045407760e-01 -5.494519322351656410e-01 -1.529655326267197246e+00 -5.817081403870387746e-01
-5.751715616500634454e-01 -6.539676820822108994e-01 -1.806954752633608052e+00 -7.128172574802170702e-01
-5.160566592618824888e-01 -3.470848179868291083e-02 -1.621239809573221002e+00 -3.471545434070356234e-02
-4.905544536284638379e-01 -3.468129544298892419e-01 -1.541122267704936766e+00 -3.541710186404005700e-01
-5.909993547964647043e-01 -2.066493211896764937e-01 -1.856679231304881217e+00 -2.081491151307126308e-01
-5.402154762496993445e-01 2.141346116975051395e-01 -1.697136971541566730e+00 2.158058052908864988e-01
-4.703418837982182854e-01 5.965129825133124175e-01 -1.477622606816066719e+00 6.391494246221500752e-01
-5.863491963723796996e-01 5.195286460582275723e-01 -1.842070327761746951e+00 5.462992140608148306e-01
-5.376650969299476834e-01 7.118627863307549486e-01 -1.689124718606767717e+00 7.921469948829552576e-01
-4.737710686058802523e-01 8.813838808319283125e-01 -1.488395708615619206e+00 1.078783706081223981e+00
-3.795176313117323286e-01 -8.097284681070209267e-01 -1.192289802436737878e+00 -9.436892377665875298e-01
-4.156610252996717492e-01 -6.703751710564602728e-01 -1.305837623465049946e+00 -7.347142782083203594e-01
-3.834645643278145055e-01 -4.263397995910795935e-01 -1.204689458204272645e+00 -4.404425261208694820e-01
-3.425029524553873106e-01 -1.247634454284218819e-01 -1.076004759266659061e+00 -1.250894101493867927e-01
-4.170043057544772225e-01 -2.179696835224116391e-01 -1.310057663473577438e+00 -2.197336484271376622e-01
-3.966105264166619460e-01 3.617848207151252993e-02 -1.245988716126965823e+00 3.618637895437409185e-02
-3.890455121352220935e-01 2.489992111510670458e-01 -1.222222522836092340e+00 2.516467825661052315e-01
-4.575295771069212147e-01 4.050763547097204764e-01 -1.437371558239148417e+00 4.170623422993549045e-01
-3.550406411403823626e-01 4.846401848781920485e-01 -1.115393069932435255e+00 5.059517688600123630e-01
-3.541512653742033834e-01 7.566107217885889025e-01 -1.112599013559126604e+00 8.581140046643737085e-01
-2.587138558213994965e-01 -6.795432178625424591e-01 -8.127735488303975409e-01 -7.471398267745524846e-01
-3.225904922887916637e-01 -5.508649568985028999e-01 -1.013447920692382764e+00 -5.834002637827293558e-01
-2.467893607298856651e-01 -3.431865208487419050e-01 -7.753116426531302396e-01 -3.503073642561077006e-01
-2.517767993068378285e-01 8.526638051959967157e-04 -7.909801430467134908e-01 8.526639085155156717e-04
-2.891583998737625727e-01 3.971118936524726806e-01 -9.084179047671923080e-01 4.083678224165252502e-01
-2.102516548738322388e-01 3.459560416584674947e-01 -6.605250543567280364e-01 3.532575557397974464e-01
-3.098601538727745464e-01 1.266995037177451877e-01 -9.734543830469113423e-01 1.270409556195096767e-01
-2.848355921284040360e-01 6.375008567709481433e-01 -8.948374037114927848e-01 6.912501487130181532e-01
-2.311281850202024923e-01 7.605691967356968952e-01 -7.261106080970106680e-01 8.641893549821362264e-01
-3.278680835895191326e-01 9.108756001738329555e-01 -1.030027962751397519e+00 1.145400854266910740e+00
-1.319833520115145653e-01 -7.900255033193162024e-01 -4.146379290755298208e-01 -9.108505953819617806e-01
-1.406970895766503915e-01 -4.967473011492393731e-01 -4.420129429954699485e-01 -5.198469371527913996e-01
-1.512058577987123176e-01 -1.879176990397455338e-01 -4.750272120401775600e-01 -1.890416443037085947e-01
-1.252633368593090157e-01 9.647668362039896195e-03 -3.935263788413487784e-01 9.647818031791963872e-03
-1.145102916301856677e-01 2.710922731379377115e-01 -3.597446909458160702e-01 2.745276167551436997e-01
-1.945072470960638178e-01 1.422085133210162500e-01 -6.110625385469686810e-01 1.426922485857111400e-01
-1.272640827130233632e-01 4.797614374463436970e-01 -3.998119073170779969e-01 5.003827947255068409e-01
-1.890747512707713351e-01 6.237541188462507602e-01 -5.939958495715725872e-01 6.735365454775136262e-01
-9.220847033707135765e-02 9.099527445993618180e-01 -2.896814530096957219e-01 1.143170100076091211e+00
-6.139874443221571276e-02 -9.382413621155565320e-01 -1.928898444478860941e-01 -1.217511717065226096e+00
9.948234244686826599e-03 -5.579767138203441945e-01 3.125329961929854128e-02 -5.919456804417565499e-01
-3.497083408019774353e-02 -7.327521095318882960e-01 -1.098641154362568068e-01 -8.223574655855334647e-01
-5.221906130273268332e-02 -4.428419603865121346e-01 -1.640510193660200400e-01 -4.587659107010508275e-01
6.239424131753157354e-03 -1.176612066054190109e-01 1.960172901494659087e-02 -1.179343987559052370e-01
-6.381560973622191213e-02 -1.736569790803164093e-01 -2.004826507316680440e-01 -1.745418623958494009e-01
-4.423072991889331895e-02 2.489158578687522549e-01 -1.389549361761095170e-01 2.515607195378093408e-01
2.393496630305413930e-03 9.629089708002780412e-02 7.519391430159413567e-03 9.644032189900224317e-02
-2.605859805542354302e-02 6.915340168784516184e-01 -8.186550021376787223e-02 7.636105655120032365e-01
1.975678431163507831e-02 4.537613092511811885e-01 6.206776845199084292e-02 4.709816883914111907e-01
8.095436417009027608e-02 -8.744332725327157441e-01 2.543256357527883815e-01 -1.064266424804959366e+00
1.553312291485480223e-01 -7.137506855300126407e-01 4.879874483661512108e-01 -7.948387654109041467e-01
1.354018532284919640e-01 -4.187783247132854658e-01 4.253774673850737598e-01 -4.320995758260208208e-01
7.145129171574571281e-02 -2.980541165598229458e-01 2.244708531436879762e-01 -3.026534663578226980e-01
1.605699564193081574e-01 -1.679304110640267300e-01 5.044453954741316970e-01 -1.687298891778138410e-01
8.961789865768965413e-02 -8.877953768234192466e-03 2.815429320531523949e-01 -8.878070396224216690e-03
7.978161203013778291e-02 3.273627111887755792e-01 2.506413262454318946e-01 3.335111399162932200e-01
1.895675458380610134e-01 8.601777041725600093e-02 5.955440093638988408e-01 8.612420022747999115e-02
1.480666517270727844e-01 2.666821246089194908e-01 4.651651053074102871e-01 2.699488345923485300e-01
1.350457995778269193e-01 6.290068783654747531e-01 4.242588918518606089e-01 6.802750586934596111e-01
1.190428575185140669e-01 8.347429273739124245e-01 3.739841666425002820e-01 9.876657582691688031e-01
2.656788279422741539e-01 -8.225898011488452788e-01 8.346546540777951551e-01 -9.659505447030959369e-01
2.628678222777225404e-01 -9.493592336886853555e-01 8.258236193328405417e-01 -1.251190167855202207e+00
2.035195968903102948e-01 -5.279390581508403013e-01 6.393756704521549317e-01 -5.561720432835816075e-01
3.022689152635196219e-01 -5.901199159541576922e-01 9.496058036004288994e-01 -6.312073693642801242e-01
2.267380006917900648e-01 -3.344306520929918314e-01 7.123184372629650651e-01 -3.410010315854454799e-01
3.116811869752629249e-01 -1.673638832288513179e-01 9.791753272636327665e-01 -1.681552281941766924e-01
2.399187926010444283e-01 3.483058095547186817e-01 7.537271162935743618e-01 3.557631293983413712e-01
2.563313494383550051e-01 1.506870991504343227e-01 8.052886842802942091e-01 1.512632714262091838e-01
2.298831026680683287e-01 7.122802647204002913e-01 7.221990665264316211e-01 7.927416029068188319e-01
2.065300936644174357e-01 5.187347157174497791e-01 6.488334250013456650e-01 5.453703083370980975e-01
3.139609548097175296e-01 8.777447256567503242e-01 9.863374291442456032e-01 1.071134677570530380e+00
2.314846909891448146e-01 9.521614481285847198e-01 7.272306046300007765e-01 1.260232597647802377e+00
4.309195018737457250e-01 -8.959697517851616944e-01 1.353773541375132616e+00 -1.110609975775328939e+00
4.319702219993906134e-01 -7.372970490626087336e-01 1.357074476002837482e+00 -8.290605729863257389e-01
4.289601321825315949e-01 -5.508916486242088073e-01 1.347617999947547940e+00 -5.834322457942191509e-01
3.770718713424632274e-01 -2.966791875353447239e-02 1.184606220884838024e+00 -2.967227268978189780e-02
3.795869336384682935e-01 -3.587249126046512249e-01 1.192507522117288277e+00 -3.669015301863686740e-01
4.288069092227975165e-01 -1.694332125848467818e-01 1.347136635822886008e+00 -1.702545382291002773e-01
3.828801961813872445e-01 2.605687232938527220e-01 1.202853611528464928e+00 2.636112287526758968e-01
3.641178315497621831e-01 5.567853385809409250e-01 1.143909904637778752e+00 5.905107323061292712e-01
3.727472676474816726e-01 7.518420522563664665e-01 1.171020077686996785e+00 8.508514149062621490e-01
5.919981386901986831e-01 -4.876167933331569948e-01 1.859817003447959749e+00 -5.093579415734053040e-01
5.393647782575825556e-01 -6.220243740305559932e-01 1.694464424979109207e+00 -6.713254708821253525e-01
5.623910051590721437e-01 -1.407085691167446750e-01 1.766803450252720564e+00 -1.411770678456046035e-01
4.987516000136125172e-01 -2.865563304753240281e-01 1.566874362568920098e+00 -2.906304890240406502e-01
4.975830988203306937e-01 2.743785714912250207e-01 1.563203407804395040e+00 2.779434130877305731e-01
4.999880723415359718e-01 4.758370120717669849e-02 1.570758854950691452e+00 4.760167609879190076e-02
5.735527217937541611e-01 3.291349968370549384e-01 1.801869017233688419e+00 3.353873863271754630e-01
4.962360941623684685e-01 5.621165697183385657e-01 1.558971667866589694e+00 5.969427360868431176e-01
4.737228256932317638e-01 7.404158245247436376e-01 1.488244149035655051e+00 8.336887969616961769e-01
5.867455981059412906e-01 5.396332577974380929e-01 1.843315660535774336e+00 5.700014361119193351e-01
5.283451769446452229e-01 9.337230801602049990e-01 1.659845326448896818e+00 1.204675455287565367e+00
6.146046639507152243e-01 -9.392213235787121306e-01 1.930837497129590519e+00 -1.220355093784179168e+00
6.333875038537000179e-01 -8.112947920149737868e-01 1.989845528982360667e+00 -9.463634169903556437e-01
7.027755240972690665e-01 -6.156494778894185949e-01 2.207834423626696907e+00 -6.632098908832720907e-01
6.408800372363716580e-01 -3.329050923920968685e-01 2.013384016814138366e+00 -3.393827277938815112e-01
7.257194314109260969e-01 -1.008089059303118873e-01 2.279914834287926961e+00 -1.009804355161897926e-01
6.347966487898226706e-01 -4.690570134604721275e-02 1.994272488361527040e+00 -4.692291828669115789e-02
7.138819827350033620e-01 -3.425619013630720744e-01 2.242726392490402176e+00 -3.496424377937795702e-01
7.277820162890276112e-01 1.773889445946448262e-01 2.286394635788376206e+00 1.783326815462804027e-01
6.606707844509609462e-01 2.941452743001877757e-01 2.075558482872544630e+00 2.985611070792567046e-01
6.769610953982490020e-01 5.092634491739538305e-01 2.126736004069238017e+00 5.343287266218345044e-01
6.183730357611578743e-01 7.952738319952010748e-01 1.942676186325271948e+00 9.194591271361185481e-01
7.274315607991719279e-01 9.644383414352202255e-01 2.285293647396035244e+00 1.303310056476433276e+00
7.499107134892684101e-01 -8.441792244468910855e-01 2.355913988346165944e+00 -1.005032192777789657e+00
8.496986851284100695e-01 -5.343151352840305179e-01 2.669407146964319910e+00 -5.636973222871348721e-01
7.914946266628606342e-01 -7.148605558401905924e-01 2.486553704479839144e+00 -7.964246714356112422e-01
7.769242507887688109e-01 -4.409581916533908963e-01 2.440779518673750204e+00 -4.566659838922545456e-01
8.186005828283773322e-01 -2.228887587809595949e-01 2.571709577237953237e+00 -2.247767756365999792e-01
8.361523693515013900e-01 5.074619836392768590e-02 2.626850140836376024e+00 5.076800371290896702e-02
7.885890630933982681e-01 3.901640429407502442e-01 2.477425607315477674e+00 4.008097491784342603e-01
7.994812946005824816e-01 5.779740525093919334e-01 2.511644561799647235e+00 6.162438906325105048e-01
7.396289383413958696e-01 7.642874005007167515e-01 2.323612839075747338e+00 8.699355874236225361e-01
8.859885219207948026e-01 -9.905908185247596087e-01 2.783415031631248482e+00 -1.433508497326677178e+00
8.805016788285113805e-01 -7.813910960170538100e-01 2.766177605681130913e+00 -8.968918884608512165e-01
9.338654600199576272e-01 -9.039174833880720961e-01 2.933824868639951511e+00 -1.128841935349255365e+00
9.936438953781223660e-01 -7.358354859546252236e-01 3.121624362004254305e+00 -8.268996634583978267e-01
9.852997507323311144e-01 -4.703567684273148863e-01 3.095410458484545657e+00 -4.896950154835276736e-01
9.254038138040470152e-01 -2.762192582952358588e-01 2.907241823050771057e+00 -2.798580857242525255e-01
9.041573790201691274e-01 -3.300930504693644352e-02 2.840494179618765269e+00 -3.301530255616600545e-02
9.294356806807211324e-01 1.814910191549670149e-01 2.919908306410782473e+00 1.825024390318222556e-01
8.712620738708090062e-01 3.881782074426620710e-01 2.737150530623941425e+00 3.986539626895365118e-01
8.845628281067037246e-01 6.104483539670610970e-01 2.778936082418631326e+00 6.566265309538958928e-01
9.539960003036966896e-01 5.084420487908576369e-01 2.997066826108139459e+00 5.333745568657711766e-01
8.843634949083432062e-01 9.026319594279879066e-01 2.778309858707045610e+00 1.125845797689378536e+00
8.958829766541731576e-01 7.885203476162274683e-01 2.814499377932906388e+00 9.083993679290532919e-01
9.878137581441557291e-01 9.975525374776068599e-01 3.103308445700604157e+00 1.500818308532739120e+00
