-9.965843482066281123e-01 -9.141577306144030857e-01 -3.130862067008515215e+00 -1.153425190558842184e+00
-9.715146978842008618e-01 -7.156762441050261714e-01 -3.052103437727512691e+00 -7.975918584272223555e-01
-9.411099566388174686e-01 -4.761010948771229323e-01 -2.956584125996717827e+00 -4.962157192633639413e-01
-9.668736930444647992e-01 -2.625777135535136697e-01 -3.037523291017723448e+00 -2.656926883082277313e-01
-9.155343507622177857e-01 -7.112962986598536652e-02 -2.876235990463684278e+00 -7.118974599798132130e-02
-9.539644193998728650e-01 2.803947906873156537e-01 -2.996967611772693107e+00 2.842053741852949567e-01
-9.577319787804665641e-01 4.648727358246174113e-02 -3.008803748644729215e+00 4.650403356875100480e-02
-9.356981430239226238e-01 4.619878720931076543e-01 -2.939582412101566788e+00 4.802352993591899044e-01
-9.285077786273359113e-01 8.104828862874544626e-01 -2.916993216136616329e+00 9.449760180314823454e-01
-9.939222528400113443e-01 8.875278651368561089e-01 -3.122498847761596696e+00 1.091951715646555909e+00
-8.017264441076563664e-01 -7.273585112239382422e-01 -2.518697906997281244e+00 -8.144649363854229440e-01
-8.461987111866549061e-01 -8.284914907523073246e-01 -2.658411654541146252e+00 -9.764085333396099742e-01
-8.791171218911977281e-01 -6.201909555145557196e-01 -2.761827891778389610e+00 -6.689861054987940037e-01
-7.902768449853232458e-01 -5.704568057263235126e-01 -2.482727930508011216e+00 -6.070619275408988269e-01
-8.571799815565850356e-01 -4.754764442539249902e-01 -2.692910332862402001e+00 -4.955055335462300592e-01
-8.509893537528889773e-01 -1.414537091708902850e-01 -2.673461902033201554e+00 -1.419297360786414275e-01
-8.877766549276173702e-01 -3.258534971999906826e-01 -2.789032617149123539e+00 -3.319143579507965458e-01
-8.001198031507481545e-01 -2.527954513721373253e-01 -2.513650495570102006e+00 -2.555684658360170558e-01
-8.579115656159035375e-01 1.060196704468319151e-01 -2.695208671968640335e+00 1.062192950165662120e-01
-8.185846761573385422e-01 5.211788715140477368e-01 -2.571659604957074574e+00 5.482316743408844895e-01
-8.662559008434524976e-01 3.821266813185610900e-01 -2.721423174218598806e+00 3.920965338649880505e-01
-8.853084869199845386e-01 6.875730377119728676e-01 -2.781278638668518877e+00 7.581413475814122727e-01
-8.083181115718405252e-01 9.069088499403061832e-01 -2.539406241077668991e+00 1.135888425820072323e+00
-6.806335195029582508e-01 -8.981919768292567774e-01 -2.138273264657458927e+00 -1.115639225122106559e+00
-7.057826082839049331e-01 -7.089239761707266663e-01 -2.217281457216158547e+00 -7.879713787460689289e-01
-7.435450303195436650e-01 -8.169886805023875986e-01 -2.335915604865078432e+00 -9.561694740169965900e-01
-7.021816973363885772e-01 -3.871300504442245494e-01 -2.205968861837209971e+00 -3.975168922712422614e-01
-7.759651967580740717e-01 -2.650446845516163386e-02 -2.437766561576523827e+00 -2.650757260996191439e-02
-6.956751920989139304e-01 -1.529338559365223116e-01 -2.185528072782616071e+00 -1.535363748605211853e-01
-6.993233727775860498e-01 5.507779542792223815e-02 -2.196989170401700608e+00 5.510568050950752361e-02
-6.986528747728346644e-01 2.554954801692210786e-01 -2.194882738795727040e+00 2.583601580998996505e-01
-7.648773839478846259e-01 1.782124723321893978e-01 -2.402933170307653743e+00 1.791695434356674055e-01
-6.973484256887032551e-01 4.591518093584581184e-01 -2.190784691136038020e+00 4.770401777607970462e-01
-7.690857451250481258e-01 4.210360961420935855e-01 -2.416154126865483143e+00 4.345872955006138683e-01
-6.711236621759857357e-01 6.048134077819848908e-01 -2.108397166742355111e+00 6.495315423281901035e-01
-7.496334349602811198e-01 8.107640944792273707e-01 -2.355042892156501200e+00 9.454562497784372299e-01
-7.409053871215125486e-01 6.560866687930282382e-01 -2.327622921186045524e+00 7.156216169981417519e-01
-6.343672926027705827e-01 -7.942971172467576668e-01 -1.992923626118510816e+00 -9.178497504272760121e-01
-6.080232328709069822e-01 -6.806287324113200476e-01 -1.910161321599157302e+00 -7.486204801380044183e-01
-6.544158848074388413e-01 -5.373873279283789550e-01 -2.055908136103514305e+00 -5.673360184914841842e-01
-5.874533750343293725e-01 -3.940438539519746097e-01 -1.845539207334378817e+00 -4.050273024291198842e-01
-6.468327845636618889e-01 -2.367627169597263936e-02 -2.032085124086229655e+00 -2.367848427234488587e-02
-5.737503460929012089e-01 -1.903055201939671814e-01 -1.802489872280059746e+00 -1.914733446876804301e-01
-5.752855510125733929e-01 -3.211372133855139310e-03 -1.807312860777456676e+00 -3.211377653646580073e-03
-5.602782081491310961e-01 1.773306213078191806e-01 -1.760165902687763184e+00 1.782734187112177682e-01
-6.413619961492418309e-01 2.080976150366586896e-01 -2.014898135394143530e+00 2.096295919569604316e-01
-5.947994501238778042e-01 3.367619620776931555e-01 -1.868617582868423055e+00 3.434758683165085591e-01
-5.795950984900941627e-01 5.322625670536720310e-01 -1.820851703473132410e+00 5.612709258504774423e-01
-6.079457576312312650e-01 7.272575739667523909e-01 -1.909917925955357143e+00 8.143178642362837172e-01
-5.790170437126251901e-01 8.887078189356276692e-01 -1.819035690830863361e+00 1.094518985332443739e+00
-5.062326653956630285e-01 -8.913877069597493374e-01 -1.590376822614194774e+00 -1.100397748990673552e+00
-5.367729304153037173e-01 -7.384341011700421564e-01 -1.686321894838583413e+00 -8.307452260784351505e-01
-5.083208609993519200e-01 -3.715501991271983329e-01 -1.596937082582002398e+00 -3.806781943021607106e-01
-5.386373591327973109e-01 -5.599445044610140698e-01 -1.692179170400603061e+00 -5.943188177705639452e-01
-5.034341296791389198e-01 -1.849912841539984587e-01 -1.581584963366354124e+00 -1.860629934013530162e-01
-4.483472473105016842e-01 -1.381945495837295645e-01 -1.408524418407878231e+00 -1.386382404456963924e-01
-4.793317092505597898e-01 2.142885835239203285e-01 -1.505864976414197365e+00 2.159634361585924256e-01
-4.621134511031872449e-01 3.133647064945521699e-02 -1.451772223110799231e+00 3.134160151900709096e-02
-5.296242922223735050e-01 3.234357816271715702e-01 -1.663863785608502344e+00 3.293581893310758568e-01
-4.843545506416464530e-01 4.303426885409440406e-01 -1.521644698028581821e+00 4.448723832329192218e-01
-5.064337391375599573e-01 5.757745242572744893e-01 -1.591008514404568031e+00 6.135511369524897507e-01
-5.170009435460276581e-01 7.818134656413284755e-01 -1.624206366143191804e+00 8.975690048027519241e-01
-5.158766240212526721e-01 9.559274035420253224e-01 -1.620674212183871088e+00 1.272802406606732495e+00
-4.526916472994042540e-01 8.789752217195452300e-01 -1.422172753497270126e+00 1.073708946398458153e+00
-3.656460362673565889e-01 -9.098227832447847163e-01 -1.148710901351754465e+00 -1.142856830333470963e+00
-4.344097806612212676e-01 -7.639738843037178206e-01 -1.364738575572846058e+00 -8.694495621305672328e-01
-4.371127465174946547e-01 -6.327832254525804778e-01 -1.373230193249818543e+00 -6.851423264897149590e-01
-4.345475494695811847e-01 -4.364422219871919584e-01 -1.365171389049083528e+00 -4.516406004358433091e-01
-3.726582532780760015e-01 -4.017005252411287586e-01 -1.170740430798008047e+00 -4.133730241324775068e-01
-3.866221720838309839e-01 -2.254550014476801589e-01 -1.214609375533492130e+00 -2.274100366472678048e-01
-3.544855444526535670e-01 -2.801060984465664205e-02 -1.113649182256234438e+00 -2.801427396578784132e-02
-3.474432925264923089e-01 1.497447490187926444e-01 -1.091525295340277646e+00 1.503101058903911491e-01
-4.351972653370874689e-01 3.366144820442185104e-01 -1.367212531645361828e+00 3.433192439551956965e-01
-4.053226628342574411e-01 1.720106695119221207e-01 -1.273358699893555768e+00 1.728703987591056479e-01
-3.563784895188986113e-01 3.877288121281776689e-01 -1.119596044569999060e+00 3.981663793237210092e-01
-3.464882468690095862e-01 5.578538949730205143e-01 -1.088524930918887135e+00 5.917976877204884634e-01
-4.325979671110466995e-01 5.747107667405111364e-01 -1.359046595433943239e+00 6.122506723547416208e-01
-3.952482988797765273e-01 7.037022828349719372e-01 -1.241709152104568892e+00 7.805949923907234966e-01
-2.845738427773858437e-01 -8.401492772234069317e-01 -8.940150938732521757e-01 -9.975584025639325780e-01
-2.794857372958454711e-01 -7.266575465724407490e-01 -8.780303390717549838e-01 -8.134440578218581352e-01
-3.330575499104879711e-01 -5.959421382685647917e-01 -1.046331152021404920e+00 -6.384383717210586617e-01
-2.301149031673019874e-01 -4.514363697890522165e-01 -7.229272892719225130e-01 -4.683744174535752203e-01
-2.637209608120929527e-01 -5.853090878012021658e-01 -8.285038330849129329e-01 -6.252612138819076959e-01
-2.379595385239607896e-01 -1.752517650623222067e-01 -7.475719380784925372e-01 -1.761614850628727691e-01
-3.037056674649232235e-01 -2.658168232068629511e-01 -9.541194937613874938e-01 -2.690511297382059963e-01
-2.598738893105605463e-01 9.428943697112002198e-03 -8.164179015178640864e-01 9.429083416042456992e-03
-2.952703373645557683e-01 3.219758458727228767e-01 -9.276191226874681561e-01 3.278157307969147838e-01
-2.705515490437078174e-01 5.203414540225690388e-01 -8.499627588930510624e-01 5.472507506014000489e-01
-2.348160696228547284e-01 7.018603482848806419e-01 -7.376964392719898012e-01 7.780058425857845350e-01
-3.105807067087131834e-01 8.575655846159160323e-01 -9.757180665428195621e-01 1.030518066672196031e+00
-1.918293341033669996e-01 -7.568312139073396505e-01 -6.026496267621597180e-01 -8.584512837011127884e-01
-1.555809845724693830e-01 -6.357276114690437741e-01 -4.887720781711367701e-01 -6.889507621384375335e-01
-1.375753406533115619e-01 -4.208388934120621538e-01 -4.322056795115568062e-01 -4.343698939112704549e-01
-1.683611031040519457e-01 -9.005491382542007983e-02 -5.289220046619632631e-01 -9.017708273867224011e-02
-1.304311457452422829e-01 -2.334135240089962871e-01 -4.097615292725527714e-01 -2.355867045656094561e-01
-1.976775153078955682e-01 -3.088607736353508049e-01 -6.210222298711686184e-01 -3.139950095350750314e-01
-2.107017629978524820e-01 2.075278485251930150e-01 -6.619391107324710255e-01 2.090471090361244733e-01
-1.142222994304180617e-01 1.371123490961900782e-01 -3.588399367667349793e-01 1.375456388288248122e-01
-1.902378233694435039e-01 4.151101863321140506e-01 -5.976497483323564008e-01 4.280639139680691985e-01
-1.721561902000543487e-01 6.100688039806523300e-01 -5.408446224024978655e-01 6.561474235317844572e-01
-1.357241989272819360e-01 3.469424758676871168e-01 -4.263901462643086004e-01 3.543091143933921883e-01
-1.832270148622230366e-01 8.864713818420384417e-01 -5.756246438303477264e-01 1.089663810972476554e+00
-9.557546059981358866e-02 -9.314554226163724859e-01 -3.002591648838350835e-01 -1.198392584399043947e+00
-2.263198946434052949e-02 -6.863882673239891652e-01 -7.110049183729380551e-02 -7.565109492349185727e-01
-8.497895624578766238e-02 -7.955845461147139641e-01 -2.669692646514950085e-01 -9.199718173693800516e-01
-2.888508218465979382e-02 -5.011598110428594488e-01 -9.074516198966461888e-02 -5.249385285886153385e-01
-9.382515096436905289e-02 -9.863450321396549647e-02 -2.947604049916150992e-01 -9.879513945646550832e-02
-6.512392172533965073e-02 -3.230597527612131259e-01 -2.045928340652837796e-01 -3.289608278596130586e-01
-4.220414774901182220e-02 1.390991398362872999e-01 -1.325882405193137548e-01 1.395516525693762666e-01
-7.081902086869917845e-02 4.262425196918169235e-01 -2.224845156955276015e-01 4.403349853249687307e-01
-9.741531235145428624e-02 5.742741163398534798e-01 -3.060392296304838000e-01 6.117172024228729743e-01
-1.832207399473606557e-02 5.296741346609459278e-01 -5.756049306039141833e-02 5.582163352359721387e-01
-1.021078874168426243e-01 7.667118116881577183e-01 -3.207813889823264430e-01 8.737035104868465796e-01
-1.008220521411493653e-01 9.692137312068778154e-01 -3.167418183264819054e-01 1.322017130158949838e+00
1.496202052816864025e-02 -8.840983249331191285e-01 4.700457377415427629e-02 -1.084560936609852533e+00
6.200463769602593267e-02 -7.266534676573652707e-01 1.947933142743318302e-01 -8.134381205538978588e-01
7.042313277128942062e-02 -5.749922597139103253e-01 2.212407965570614421e-01 -6.125946874019074784e-01
4.699707805832975538e-02 -3.201808460942610068e-01 1.476456751682348190e-01 -3.259203766516766132e-01
1.046786826036851803e-01 -6.153944989580617531e-02 3.288577802551950202e-01 -6.157835895609123367e-02
1.476767415583202236e-02 -1.226046265666627111e-01 4.639401663856972807e-02 -1.229138864117571006e-01
1.096028978047540736e-01 -2.456942771746346565e-01 3.443276585555682390e-01 -2.482358591510737400e-01
5.447595547003802885e-02 2.073367469032205701e-01 1.711412615019561878e-01 2.088517584159414187e-01
7.763760751352521972e-02 5.565859090294125178e-01 2.439057374067785666e-01 5.902706649275906159e-01
1.654678589205360595e-02 3.686862443676992562e-01 5.198326099899883840e-02 3.775953054759218497e-01
8.578065482447416734e-02 3.650621140767889017e-01 2.694878750166899151e-01 3.736995209996175626e-01
1.657996481238699360e-02 6.511625611705080807e-01 5.208749565137225229e-02 7.091152577124270051e-01
4.307234446884034007e-02 7.981029235339254235e-01 1.353157609561977670e-01 9.241400553519144578e-01
1.923337816040926462e-01 -9.135742568222511295e-01 6.042343953245611354e-01 -1.151988117418527358e+00
1.562059705180247615e-01 -7.410615312219490658e-01 4.907355294262903955e-01 -8.346499658687195344e-01
1.722443562488680247e-01 -3.758489730821759078e-01 5.411216042137469984e-01 -3.853127483778472917e-01
2.090768542646570527e-01 -6.337319188132040093e-01 6.568343093935103960e-01 -6.863681219961543789e-01
1.331740193524213467e-01 -5.192488514282760370e-01 4.183785208465918282e-01 -5.459717919837744349e-01
1.628888957564833539e-01 -1.434360068802997823e-01 5.117305582599217528e-01 -1.439324564014649033e-01
2.173084233845012925e-01 -8.423581206742647431e-02 6.826945464679297082e-01 -8.433574978648783471e-02
1.194306065436969710e-01 1.839989855310393274e-01 3.752023161314514965e-01 1.850533628349669002e-01
1.718941573103676124e-01 3.200982804874765719e-01 5.400214218012591161e-01 3.258332242480345142e-01
2.088040689594299337e-01 1.892217653257508569e-01 6.559773290826016456e-01 1.903695332864473178e-01
2.078399312012251254e-01 4.901278886428634962e-01 6.529484009843768977e-01 5.122364669707771823e-01
1.668096745176399498e-01 7.716067030762150392e-01 5.240480480123221874e-01 8.813631624962857680e-01
1.422009662027505783e-01 6.483602159565360346e-01 4.467375107559316549e-01 7.054286252728629858e-01
1.151364096571307893e-01 9.189235518541489789e-01 3.617116987395470051e-01 1.165342666318536002e+00
2.542696998855447088e-01 -7.480480555987887303e-01 7.988118211909087663e-01 -8.451159331382167572e-01
2.893870961809958953e-01 -5.651838886529985118e-01 9.091363754058995328e-01 -6.006561413713344955e-01
2.938678236145579881e-01 -2.298860343887290103e-01 9.232129957939164688e-01 -2.319605793568466356e-01
2.326802476339082659e-01 -3.201910644651724258e-01 7.309865566021400696e-01 -3.259311628659224414e-01
2.403688502342959943e-01 3.375911976532599557e-01 7.551410140478894695e-01 3.443566831945652496e-01
2.566107138890296735e-01 7.627010041128046147e-02 8.061663335862079283e-01 7.634424014407172054e-02
3.110291351771403701e-01 7.553012163990180383e-03 9.771268461248908688e-01 7.553083979864351483e-03
2.978474476182897401e-01 2.437220723591995153e-01 9.357153533280897495e-01 2.462018123514375656e-01
2.664432684674167273e-01 5.725839189392256667e-01 8.370562148156893700e-01 6.096541114086595492e-01
2.374716651894119845e-01 8.561220568866627634e-01 7.460392387947917259e-01 1.027718223471475678e+00
2.861767468811171611e-01 7.019073883067628028e-01 8.990507656299434602e-01 7.780718830041565282e-01
3.271981019666627688e-01 8.080788530832025973e-01 1.027923153406991696e+00 9.408834833713077828e-01
2.384089689603090534e-01 9.594629473009939069e-01 7.489838654356238967e-01 1.285090436620439647e+00
3.839936159665431337e-01 -9.547224005826426829e-01 1.206351522945872112e+00 -1.268725266644890270e+00
3.596227183180802367e-01 -8.142898659744133294e-01 1.129788089932072470e+00 -9.515047410131631800e-01
4.316963693587390072e-01 -4.978055014063085260e-01 1.356214142558800351e+00 -5.210666350924205714e-01
3.406506563172360114e-01 -4.143532242128695753e-01 1.070185599326770154e+00 -4.272320359956468527e-01
3.589451925405164889e-01 -5.984224363529448976e-01 1.127659579926660438e+00 -6.415306090347826506e-01
3.829767029218258401e-01 -2.944267169007326324e-01 1.203156796395248751e+00 -2.988555901568010209e-01
4.190285291453528238e-01 -1.392693502675657058e-01 1.316416948807576981e+00 -1.397235360280962013e-01
3.561680490189442772e-01 -1.163372519423246931e-01 1.118934926241324623e+00 -1.166012881946892760e-01
3.533852961590604469e-01 1.710795630161467962e-01 1.110192650299957728e+00 1.719252820661066050e-01
3.999829499969267399e-01 7.365163686463649384e-02 1.256583497271518635e+00 7.371838793452561989e-02
3.420842883359942466e-01 4.070740468076166074e-01 1.074689487144852018e+00 4.192483852237319231e-01
3.717108315502237748e-01 5.729474776603851183e-01 1.167764017657936026e+00 6.100976276259230113e-01
3.997208863178616234e-01 3.540337357067953050e-01 1.255760199942594912e+00 3.618806842986099781e-01
4.425883373910814989e-01 4.926987585757280907e-01 1.390432269312342317e+00 5.151883484404257141e-01
4.320286987521830824e-01 6.457724821906005719e-01 1.357258186139816081e+00 7.020345757870540826e-01
4.049664227121909654e-01 8.824088756787451526e-01 1.272239538543157966e+00 1.080957874606634839e+00
5.293962610764855192e-01 -6.431735129615041568e-01 1.663147404635791027e+00 -6.986355682834985981e-01
4.742218250109513367e-01 -8.138194329813663863e-01 1.489811801626349075e+00 -9.506947503558599299e-01
4.974291270318129676e-01 -4.177511937953894972e-01 1.562719691164727642e+00 -4.309687792172146592e-01
5.054229595770443062e-01 -1.873220400850235112e-01 1.587833056762853357e+00 -1.884352162153746790e-01
4.456972862508832289e-01 -3.220767455456658990e-01 1.400199320210681941e+00 -3.279223077468195746e-01
4.633582848065616044e-01 1.967906249130799701e-01 1.455682983528260976e+00 1.980834545288223114e-01
5.142500392352526983e-01 8.245463460300261893e-02 1.615564145369732696e+00 8.254835325240370003e-02
4.602500713484944939e-01 1.591177936526744219e-02 1.445918242962608513e+00 1.591245087835186853e-02
5.152655538240151767e-01 4.385950092790018573e-01 1.618754478541402309e+00 4.540346904920663507e-01
5.048174496782666942e-01 6.269844029480873271e-01 1.585930791313177712e+00 6.776761981287143799e-01
4.760156728983446772e-01 7.694641931903214438e-01 1.495447340971041594e+00 8.780018118434321783e-01
5.352229815150013614e-01 8.502428432609716591e-01 1.681452586759953904e+00 1.016446458658146978e+00
6.192677582416659110e-01 -9.035747238408400328e-01 1.945487039897037640e+00 -1.128041223871309118e+00
6.436775934372103158e-01 -8.120948409148178726e-01 2.022172798822697626e+00 -9.477331726531686984e-01
6.087600078868371511e-01 -6.634036394726516850e-01 1.912475968576552221e+00 -7.253583695457778147e-01
5.943020079569212299e-01 -4.750754143135262897e-01 1.867054822211126508e+00 -4.950497331661604661e-01
5.997374755212394604e-01 -1.791812861281125713e-01 1.884130847180014223e+00 -1.801542062348158446e-01
6.533154009856736444e-01 -2.992319105898604281e-01 2.052450864213662296e+00 -3.038875793626457100e-01
5.590415142349116628e-01 -3.382764434716400981e-01 1.756280714172112178e+00 -3.450847620014174111e-01
6.092222424874844666e-01 3.542690375453028118e-02 1.913928121402180826e+00 3.543431845713520406e-02
5.890723070333210298e-01 2.100758769747088639e-01 1.850625232209072379e+00 2.116525679197457377e-01
6.409193048413375227e-01 4.533646899036474220e-01 2.013507379633423078e+00 4.705366608151035912e-01
5.791709439400947179e-01 4.229636891699641854e-01 1.819519182654867562e+00 4.367134838810761699e-01
6.220095532645504299e-01 6.303897375530247427e-01 1.954100642998580772e+00 6.820551680144386619e-01
6.133590362937442197e-01 7.811599789588494769e-01 1.926924242433342149e+00 8.965216190933620322e-01
5.715394991992741591e-01 9.442149051423596173e-01 1.795544291920829094e+00 1.235202481642944994e+00
7.687656775140609966e-01 -8.548775523834961643e-01 2.415148604810154254e+00 -1.025314786379356136e+00
7.145697078404729119e-01 -6.942475193843344883e-01 2.244886944629434389e+00 -7.673738780642515023e-01
7.537525622882137455e-01 -5.771120886777334480e-01 2.367983512309135286e+00 -6.151880283852448894e-01
6.737655610290524955e-01 -5.748486256537106431e-01 2.116696936770676718e+00 -6.124191405609334948e-01
7.066561363388013106e-01 -4.112651112160659039e-01 2.220025726536125621e+00 -4.238415486015689182e-01
7.317683008630635477e-01 -7.252053606655373130e-03 2.298917918121285986e+00 -7.252117175167303170e-03
7.717995988406272101e-01 -2.655893538769342754e-01 2.424679949761263664e+00 -2.688151791421252712e-01
6.667809733138729822e-01 -7.674532963279245834e-02 2.094754207316315231e+00 -7.682086636669158142e-02
7.100215156015932116e-01 -2.163644807900377831e-01 2.230598377304656044e+00 -2.180891998112808872e-01
7.029697073507692462e-01 2.462837131189921092e-01 2.208444468309343378e+00 2.488439810997229995e-01
7.557281823170136636e-01 6.241576433706998994e-01 2.374190105677898011e+00 6.740529183691718051e-01
7.382002612396147967e-01 4.694096129018663355e-01 2.319124517588440071e+00 4.886220292837625823e-01
7.180461584858062185e-01 7.668515079533810841e-01 2.255808536437381218e+00 8.739211371026749386e-01
7.310434160380823165e-01 9.054862113322899031e-01 2.296640625280426118e+00 1.132524034293700854e+00
9.854739024471432796e-01 -9.969936482300525427e-01 3.095957572232409749e+00 -1.493235262629323712e+00
8.187324179502479815e-01 -9.567187859474162170e-01 2.572123749488306910e+00 -1.275509757590524762e+00
7.914224524332080790e-01 -7.259083105957433446e-01 2.486326962450184030e+00 -8.123540947446382665e-01
9.033738212162141235e-01 -8.507316766466788138e-01 2.838032560178197272e+00 -1.017375807682359801e+00
9.439237942452713970e-01 -7.381335608819048488e-01 2.965424057549547854e+00 -8.302996446386446960e-01
9.818826167837169105e-01 -5.251742218283279584e-01 3.084675215575247265e+00 -5.529198274365582089e-01
9.110595261752305607e-01 -6.086751840850226358e-01 2.862177914415102276e+00 -6.543897646841401183e-01
7.790204025038456326e-01 -4.335913379431939330e-01 2.447364773502644919e+00 -4.484744350454220041e-01
8.248399273528612685e-01 -6.038394763698369250e-01 2.591311056159287585e+00 -6.483091417062376571e-01
8.680914801305263939e-01 -3.996301976995622063e-01 2.727189816621951479e+00 -4.111133941875847464e-01
9.053231545199258434e-01 -8.185023002667812797e-02 2.844156571364536035e+00 -8.194189871442898732e-02
9.602194263726904211e-01 -1.570751525999620757e-01 3.016618295726649635e+00 -1.577283398614907350e-01
8.313819652819720574e-01 -2.553394464642031458e-01 2.611863474456888046e+00 -2.581987713351146518e-01
8.532540401844850297e-01 -1.883155363624045009e-03 2.680576624289388477e+00 -1.883156476656677215e-03
9.719038874282104334e-01 -3.260727049714553516e-01 3.053326112739827014e+00 -3.321462299961521203e-01
8.774120065319663819e-01 2.902575783827912037e-01 2.756471113892305258e+00 2.944959931498394301e-01
9.834289559874309639e-01 1.668859421213602090e-01 3.089533183457592980e+00 1.676704693016214387e-01
7.984774510656011959e-01 1.503393456724877453e-01 2.508490894324796106e+00 1.509115106866146250e-01
9.269671682771614130e-01 1.049172599865586530e-01 2.912153245978463811e+00 1.051107014815607504e-01
9.492677552962045517e-01 4.412753869845869037e-01 2.982212606328229487e+00 4.570194246825931561e-01
7.988583859228601813e-01 4.066637798628782718e-01 2.509687636473857175e+00 4.187992631784220321e-01
8.426562523453986486e-01 5.999342620682137639e-01 2.647282691869811355e+00 6.434189389104177925e-01
9.243053138179189165e-01 6.363946165019962464e-01 2.903790783564382139e+00 6.898151629383517669e-01
8.596915887943827883e-01 4.558233805854430276e-01 2.700800779709370492e+00 4.732970689470820669e-01
8.294713642664766073e-01 8.026363146937200987e-01 2.605861144342666247e+00 9.317020367680478588e-01
9.944277349311110292e-01 6.805968090983234298e-01 3.124086866585516375e+00 7.485769073496070236e-01
9.265965040053421031e-01 7.671928459714760784e-01 2.910988769825168188e+00 8.744531306909484325e-01
8.305016611704543195e-01 9.874732135337780381e-01 2.609097917527218868e+00 1.412347422848547085e+00
