-9.755346171424241764e-01 -9.453263264274682776e-01 -3.064732386537171394e+00 -1.238593770742385969e+00
-9.233748151953120598e-01 -8.670011718746724050e-01 -2.900867535927425411e+00 -1.049152398073326165e+00
-9.955187121960509256e-01 -8.348331059054650005e-01 -3.127514272746285240e+00 -9.878295490460933248e-01
-9.268256514611739050e-01 -7.909006033882091113e-01 -2.911708657788997900e+00 -9.122793082362000705e-01
-9.802203996661702501e-01 -6.453296615346155729e-01 -3.079453206490091244e+00 -7.014547528740042726e-01
-9.512345217347335513e-01 -5.345083729468627087e-01 -2.988391385322839433e+00 -5.639259452327849420e-01
-9.762156495749736429e-01 -4.403131713304984096e-01 -3.066871913024125096e+00 -4.559474471988571587e-01
-9.277468858996598122e-01 -3.161148144106011859e-01 -2.914602801133179266e+00 -3.216314953118443176e-01
-9.744687007097410092e-01 -3.276929226557367958e-01 -3.061383711302913202e+00 -3.338606286469243956e-01
-9.715183387135082338e-01 -1.469247052559921052e-01 -3.052114875730117749e+00 -1.474585145564383248e-01
-9.424294765595895296e-01 -5.777442691405432207e-02 -2.960729520086080591e+00 -5.780661601354077084e-02
-9.843091592478396823e-01 1.124615498193206609e-01 -3.092298423554158848e+00 1.126999707343388779e-01
-9.307713190217348220e-01 1.399680951633404113e-01 -2.924104338010763637e+00 1.404291926065999174e-01
-9.854281393999815286e-01 2.334161582198650553e-01 -3.095813803379640738e+00 2.355894136076760459e-01
-9.309381153098186257e-01 2.637203077308694077e-01 -2.924628344004053915e+00 2.668770242492456979e-01
-9.743275257618886354e-01 3.536033037295871484e-01 -3.060940197123869222e+00 3.614204838320141944e-01
-9.602791163505752792e-01 4.823453569949935904e-01 -3.016805817322665284e+00 5.033301506985635720e-01
-9.706386952187200379e-01 6.238352913623619322e-01 -3.049351394189113051e+00 6.736404013351064979e-01
-9.734191705056194355e-01 7.400984106171084598e-01 -3.058086514923924248e+00 8.332166823594151506e-01
-9.253638291642476421e-01 8.247331631650554051e-01 -2.907116207600120905e+00 9.697301958636782571e-01
-8.596586710315801128e-01 -9.304280095217929425e-01 -2.700697365507576997e+00 -1.195579028427689261e+00
-8.855509212535492836e-01 -7.319246955649607589e-01 -2.782040268589824006e+00 -8.211423612574849651e-01
-8.944240877634273001e-01 -5.037434614911777686e-01 -2.809916143311335546e+00 -5.279267734379403665e-01
-9.170286955638011772e-01 -6.047756439175597798e-01 -2.880930613114268901e+00 -6.494841230174501767e-01
-8.723797034541911355e-01 -3.376934394104078585e-01 -2.740661667512529043e+00 -3.444653037493016767e-01
-8.464528697701327875e-01 -6.861234479955546917e-02 -2.659210117279847019e+00 -6.866629302581532535e-02
-9.017774594314140746e-01 -5.958558286395443382e-02 -2.833017441722597951e+00 -5.962089850639908789e-02
-9.029364612733548068e-01 -1.861871134275823181e-01 -2.836658553394736160e+00 -1.872799646859195366e-01
-8.613236667203616470e-01 -1.825240964270173905e-01 -2.705928103731711332e+00 -1.835530648206142867e-01
-8.924942640403017435e-01 7.780234886355397173e-02 -2.803853423280040946e+00 7.788105571306457031e-02
-8.904908039553376398e-01 2.663674452799735803e-01 -2.797559367795357410e+00 2.696223455202105823e-01
-9.018619786917083658e-01 4.156649098671691966e-01 -2.833282966809825609e+00 4.286737384940962348e-01
-8.545925374402112418e-01 6.640277769663052165e-01 -2.684781637434827672e+00 7.261927948500025431e-01
-9.018775957933138354e-01 5.666585269556505544e-01 -2.833332029381499861e+00 6.024447544947394428e-01
-9.201803837841535660e-01 6.953741677217477601e-01 -2.890831933673733367e+00 7.689404248956410726e-01
-8.632345874595130919e-01 7.566559807795800729e-01 -2.711931438287422225e+00 8.581832250118602845e-01
-9.150402013587310979e-01 8.973616010102478668e-01 -2.874683574327914659e+00 1.113753934813916269e+00
-8.396470582582871156e-01 -8.453742421143428665e-01 -2.637829029832515992e+00 -1.007265378153800572e+00
-7.745083791617228819e-01 -7.114258859845559169e-01 -2.433189834118206551e+00 -7.915251079799603406e-01
-8.258984716876220933e-01 -7.571065376517689405e-01 -2.594636571264871350e+00 -8.588726217710399569e-01
-8.249417621134405021e-01 -4.859536102279056191e-01 -2.591630979495003206e+00 -5.074539435583069746e-01
-7.704438509173334726e-01 -6.060970742575988446e-01 -2.420420742045324758e+00 -6.511444335846440223e-01
-8.251957674023453482e-01 -6.258972674378366907e-01 -2.592428960644599822e+00 -6.762814847961265974e-01
-7.734249452123820312e-01 -4.992646148164445741e-01 -2.429786125982307698e+00 -5.227498338777063491e-01
-8.201610030948280894e-01 -2.497767270385842231e-01 -2.576611782083547464e+00 -2.524496666813942358e-01
-7.985944777344293755e-01 -3.491107514226969855e-01 -2.508858544447861050e+00 -3.566219802405455885e-01
-7.774241563296779844e-01 -2.415187079543539284e-01 -2.442350018248559351e+00 -2.439305861077783188e-01
-7.719654400520690185e-01 -1.312905416233034472e-02 -2.425200955292791782e+00 -1.312943137194922186e-02
-8.078864991480634306e-01 -1.166034672522870963e-01 -2.538050290657932528e+00 -1.168693277375816436e-01
-8.108861315889148713e-01 1.566319359789909438e-01 -2.547473913897581266e+00 1.572795682853222188e-01
-8.408813353932942380e-01 5.409027906396568497e-02 -2.641706625812348275e+00 5.411668969782802013e-02
-7.952738900905094166e-01 3.472701080001197038e-01 -2.498426610700120953e+00 3.546584672651816317e-01
-8.379362929311908736e-01 3.158532210259350492e-01 -2.632454502048894085e+00 3.213557752756597830e-01
-7.692330240101779015e-01 6.592935912941451093e-01 -2.416616817129035866e+00 7.198788572159052768e-01
-8.282635294878080146e-01 5.127681168006248402e-01 -2.602066619475250420e+00 5.384059596682743143e-01
-7.848855593649322060e-01 5.506411518639686697e-01 -2.465790707209586596e+00 5.831321272645325626e-01
-8.325742645605747061e-01 8.225300624903315594e-01 -2.615609193111426478e+00 9.658454964800682330e-01
-7.984680889725663810e-01 7.488368960533058338e-01 -2.508461482442095658e+00 8.463053797894747321e-01
-8.235471599545378663e-01 8.941127682006666522e-01 -2.587249707597914394e+00 1.106446140598188910e+00
-8.329909291526862436e-01 9.472273539430025036e-01 -2.616918183533015085e+00 1.244473021951876923e+00
-7.316556063741592730e-01 -9.559474741406865927e-01 -2.298563877942844336e+00 -1.272870773836249025e+00
-7.413389810184325412e-01 -8.600734545744033177e-01 -2.328985096587250947e+00 -1.035413635532842491e+00
-7.248329108287085987e-01 -6.475355904154926900e-01 -2.277129747739576437e+00 -7.043459913211943535e-01
-7.234164549393571342e-01 -5.372788272336697091e-01 -2.272679820323455946e+00 -5.672073671532823491e-01
-7.476326273286659774e-01 -3.926742674314043224e-01 -2.348757169599772432e+00 -4.035376252850035317e-01
-6.931536686123898061e-01 -4.406018072182873446e-01 -2.177606473121497910e+00 -4.562689491146126319e-01
-7.307478930363640046e-01 -9.135891693893860577e-02 -2.295712212389261264e+00 -9.148648378221509170e-02
-7.289836819416604108e-01 -2.203975667847797304e-01 -2.290169779774758663e+00 -2.222220410970302817e-01
-7.310190103157288011e-01 4.765134567614714989e-02 -2.296563952442374656e+00 4.766939738793798259e-02
-7.621822366334347620e-01 1.290179125342212352e-01 -2.394466115304235920e+00 1.293785510548875473e-01
-7.377487696175606402e-01 2.631960266346384802e-01 -2.317706114825437425e+00 2.663335423771290844e-01
-7.657265745320884776e-01 4.368472803703331575e-01 -2.405600981208486200e+00 4.520908484057356569e-01
-7.045467250247476887e-01 6.266675239089372074e-01 -2.213398815448495593e+00 6.772695045983793127e-01
-7.212702200594212076e-01 4.874107949322876721e-01 -2.265937224591771049e+00 5.091220066340187422e-01
-7.184354794895637664e-01 7.838400053452345695e-01 -2.257031624442674023e+00 9.008258601605492188e-01
-7.404485059768237676e-01 8.770397127722142638e-01 -2.326187586738327706e+00 1.069665206764041088e+00
-7.265881676596568362e-01 9.307559483484180163e-01 -2.282644049704846800e+00 1.196474894428081637e+00
-7.600668882612577892e-01 9.762389867146792355e-01 -2.387820552398421725e+00 1.352366879461506022e+00
-6.117532896819206645e-01 -8.781480185755432544e-01 -1.921879640674110545e+00 -1.071977049331505061e+00
-6.161196269063600184e-01 -9.384751962220723165e-01 -1.935596893621504888e+00 -1.218188195013503838e+00
-6.884087983732249949e-01 -7.897273183189206236e-01 -2.162700023635900859e+00 -9.103643708225581666e-01
-6.559092156834147591e-01 -6.687201450904742828e-01 -2.060599573412858820e+00 -7.324860929668145504e-01
-6.380912444637942826e-01 -5.726763286894800409e-01 -2.004622765927424943e+00 -6.097668318157132283e-01
-6.513386209756015788e-01 -3.942305119752893550e-01 -2.046240626656256723e+00 -4.052304009490118042e-01
-6.850788916279972884e-01 -3.231006873522612732e-01 -2.152238813067954393e+00 -3.290040821075497779e-01
-6.316753838973272472e-01 -2.625183075531869470e-01 -1.984466745505355512e+00 -2.656311225139734722e-01
-6.821326049418827697e-01 -1.326092773523868118e-02 -2.142982780459487646e+00 -1.326131642656040548e-02
-6.137405708955234740e-01 -4.369770718603316340e-02 -1.928122868735382189e+00 -4.371162586893058422e-02
-6.659787653372983840e-01 -1.625343690120808482e-01 -2.092233996630457504e+00 -1.632586355961501146e-01
-6.778386608545865499e-01 1.439011078806327060e-01 -2.129492957259912167e+00 1.444024330087958496e-01
-6.231914915597351889e-01 9.150454921562856114e-02 -1.957813811663729586e+00 9.163272862799619334e-02
-6.496100310254497856e-01 3.801761126954001924e-01 -2.040810101167790602e+00 3.899866988067651752e-01
-6.874555639172579280e-01 3.245348241132051115e-01 -2.159705349271885844e+00 3.305198916689320865e-01
-6.495742886818520745e-01 5.209813692867835133e-01 -2.040697813283721906e+00 5.480002737188143236e-01
-6.191807222979099912e-01 6.208029314415828281e-01 -1.945213608415535811e+00 6.697664791969719644e-01
-6.436402704880843650e-01 8.025178873283620451e-01 -2.022055545319913161e+00 9.315035157996831572e-01
-6.798848706191458202e-01 7.175888724357710746e-01 -2.135921314823955530e+00 8.003341744696282900e-01
-6.151936006113589706e-01 9.218855868680406740e-01 -1.932687696216098594e+00 1.172919156494503623e+00
-6.607771903024499682e-01 8.680761055230039602e-01 -2.075892766713881343e+00 1.051313638630187119e+00
-5.770054512527509338e-01 -8.102698526416012292e-01 -1.812716086736905874e+00 -9.446124233254018510e-01
-6.011308754054061065e-01 -7.103734376592396593e-01 -1.888508342019625141e+00 -7.900286505184217489e-01
-5.873278300004349806e-01 -4.947545654923428682e-01 -1.845144795978201469e+00 -5.175523862980240253e-01
-5.842614598544677573e-01 -6.203143013223708646e-01 -1.835511510054443685e+00 -6.691433536830222462e-01
-5.366434227366516652e-01 -5.134745853717013198e-01 -1.685915034466746620e+00 -5.392290464490484547e-01
-5.955501812159056385e-01 -3.488482276342306232e-01 -1.870976074151959212e+00 -3.563418444128620410e-01
-5.566783519304292494e-01 -4.032114041752574707e-01 -1.748856620837109910e+00 -4.150234657607547173e-01
-5.408961925352102629e-01 -1.523744629595469302e-01 -1.699275504823306804e+00 -1.529703478526428240e-01
-5.571688588817265142e-01 -1.006876537787970705e-04 -1.750397593871840130e+00 -1.006876539489256979e-04
-5.938397808601976191e-01 -1.896421777948713583e-01 -1.865602692959769549e+00 -1.907976981778714554e-01
-5.343506365803225577e-01 1.953798875130894341e-01 -1.678712034321770741e+00 1.966447879437550617e-01
-5.745555354521754143e-01 1.423748389231769274e-01 -1.805019449255904185e+00 1.428602839866264518e-01
-6.050319194005213674e-01 2.533669141460375140e-01 -1.900763833176009721e+00 2.561591585962071926e-01
-5.626473240176084190e-01 4.463705782699713964e-01 -1.767608699695674579e+00 4.627053089274706932e-01
-5.599822468798834052e-01 3.043308784414677781e-01 -1.759236112938547647e+00 3.092359095132703461e-01
-6.051590748063853109e-01 4.839637995749270782e-01 -1.901163303664936244e+00 5.051786694866093885e-01
-5.457080192939491869e-01 5.572713496216867846e-01 -1.714392304418907775e+00 5.910959398574173740e-01
-5.691346999712558752e-01 7.008837265803495864e-01 -1.787989392332728578e+00 7.766357130657397523e-01
-5.496454551170997238e-01 8.530239711858960128e-01 -1.726762123874898913e+00 1.021752613815630539e+00
-5.009680501177504741e-01 -9.442556425486090532e-01 -1.573837545933128190e+00 -1.235326201436064419e+00
-5.187094103389486843e-01 -8.890677356377665319e-01 -1.629573672868734668e+00 -1.095304615482958210e+00
-5.049392921841535653e-01 -7.018222843908772379e-01 -1.586313570834566811e+00 -7.779524070765135857e-01
-4.616534860718422006e-01 -7.916062070138338846e-01 -1.450327200347417245e+00 -9.134332203548352069e-01
-4.799888746046829802e-01 -6.006975149971589545e-01 -1.507929522262904554e+00 -6.443732879114475454e-01
-5.230477042630605755e-01 -3.306807742940716111e-01 -1.643202825189837846e+00 -3.370248399240473036e-01
-4.849299446467951746e-01 -3.959184001910724948e-01 -1.523452351608076683e+00 -4.070677603713636072e-01
-4.784273310901259180e-01 -2.411151959987156701e-01 -1.503023788629311186e+00 -2.435147857321642295e-01
-4.944817404189811860e-01 -3.477401510823452391e-02 -1.553460203034566334e+00 -3.478102723395867096e-02
-4.956228968754179398e-01 1.370049250343920999e-01 -1.557045251774704653e+00 1.374371913410793178e-01
-4.665015172773092633e-01 5.468022878543110643e-02 -1.465557739566886619e+00 5.470751383176510746e-02
-5.255620879377027599e-01 3.802450775001984251e-01 -1.651101994470399736e+00 3.900612634182045735e-01
-4.982039025502500440e-01 2.663855666177490367e-01 -1.565153720241630797e+00 2.696411461422072442e-01
-4.930728583791295083e-01 5.897739279746037067e-01 -1.549034069568393734e+00 6.307788705070734858e-01
-4.892746633196300987e-01 4.845975871378247479e-01 -1.537101687872569400e+00 5.059030704455165228e-01
-5.110448531886480072e-01 6.997577122085683055e-01 -1.605494756432330972e+00 7.750582822291165463e-01
-4.916236329543721695e-01 7.892514288889178609e-01 -1.544481193620580450e+00 9.095890087559784787e-01
-5.030750402089791962e-01 9.018905467529689801e-01 -1.580456850524918799e+00 1.124126336814117222e+00
-4.177557538311955643e-01 -9.149270351429430459e-01 -1.312418407230950157e+00 -1.155327107191055358e+00
-4.114851987682426326e-01 -7.020634522793027799e-01 -1.292718877511246811e+00 -7.782910150974481356e-01
-4.504358342187293474e-01 -5.004689048111019556e-01 -1.415085907695150080e+00 -5.241403049177314477e-01
-4.005994783477344612e-01 -4.476509991556252288e-01 -1.258520378209146084e+00 -4.641367009768840313e-01
-4.082641848485377700e-01 -2.796700313067972399e-01 -1.282599763843991658e+00 -2.834504090400712384e-01
-4.360163171051425479e-01 -3.758300974304891184e-01 -1.369785658662793448e+00 -3.852923793672522468e-01
-4.454386071496860833e-01 -5.896096955678431506e-02 -1.399386655846723615e+00 -5.899518505561244380e-02
-4.191378171159072519e-01 -1.624368316711759519e-01 -1.316760287092996418e+00 -1.631597846161214060e-01
-3.892586544116147795e-01 2.673047576293718919e-03 -1.222892129045777043e+00 2.673050759539791470e-03
-4.083389256834037973e-01 2.170707260579227693e-01 -1.282834569101729771e+00 2.188126380872494059e-01
-4.206868738385149964e-01 8.929589664530701576e-02 -1.321626792312734944e+00 8.941499512273491657e-02
-4.518547971606612368e-01 1.758501826124556633e-01 -1.419543711249239504e+00 1.767693424398720237e-01
-4.360350520478668557e-01 3.305948961536144814e-01 -1.369844516221221609e+00 3.369338439626230475e-01
-4.392226475834406507e-01 5.175167496488459751e-01 -1.379858642938395885e+00 5.439462934547860673e-01
-4.228009912513017721e-01 6.390374008464794198e-01 -1.328268488045571960e+00 6.932461454742842033e-01
-3.785071979332472747e-01 7.191612607359940679e-01 -1.189115432357947366e+00 8.025944722554986255e-01
-4.151331179542376848e-01 7.897509117504895038e-01 -1.304179153626858101e+00 9.104028315065136878e-01
-4.281795053503103521e-01 9.684364125645441579e-01 -1.345165588426246561e+00 1.318879504422336257e+00
-3.733319743827494541e-01 -9.832224454969269445e-01 -1.172856988071018458e+00 -1.387358708370355354e+00
-3.760160485530130714e-01 -8.613529280394154330e-01 -1.181289255766008850e+00 -1.037926896958907053e+00
-3.465006131890271401e-01 -7.830170541613594715e-01 -1.088563780859006291e+00 -8.995016839540452835e-01
-3.226856699827131969e-01 -6.336130438894156391e-01 -1.013746930236392174e+00 -6.862144576954534170e-01
-3.747030359129768229e-01 -6.009110092863207964e-01 -1.177164304902000413e+00 -6.446403573553010080e-01
-3.096504868149239087e-01 -4.600702677784278549e-01 -9.727956945582680870e-01 -4.780743377486624257e-01
-3.280286921916113485e-01 -3.086918882577351919e-01 -1.030532529555833854e+00 -3.138174475329208457e-01
-3.550414698205526243e-01 -4.467293903251456921e-01 -1.115395673307970403e+00 -4.631063243786644468e-01
-3.700641794701817755e-01 -3.359590814566772998e-01 -1.162590907580257849e+00 -3.426233120156102485e-01
-3.189539721667558059e-01 -1.486653972141505076e-01 -1.002023455792363293e+00 -1.492185352854986935e-01
-3.230608888519654887e-01 -1.913252067947657231e-02 -1.014925715079523449e+00 -1.913368812566684438e-02
-3.642172566270447387e-01 -1.201191262901251111e-01 -1.144222257730152181e+00 -1.204098766405338194e-01
-3.546799034700949260e-01 6.331659259608501955e-02 -1.114259779117587223e+00 6.335897504113748024e-02
-3.432685685584009327e-01 2.335525513393215125e-01 -1.078410013191356542e+00 2.357296837146546920e-01
-3.586000169174030638e-01 4.214916841011637771e-01 -1.126575178724888993e+00 4.350896318365483073e-01
-3.407976779423536051e-01 6.461329889144080685e-01 -1.070647481384158439e+00 7.025068280854493974e-01
-3.307207384419810214e-01 5.368246878272189271e-01 -1.038989842279119058e+00 5.666689997782292654e-01
-3.233112767921464403e-01 7.556527201956297901e-01 -1.015712331992943529e+00 8.566501086621192140e-01
-3.605866813959708317e-01 8.872351888467420178e-01 -1.132816469255905290e+00 1.091316892194297505e+00
-3.307526956133706175e-01 9.374223428283319226e-01 -1.039090238693986201e+00 1.215152029910613773e+00
-2.424043274215981203e-01 -8.593562462060129192e-01 -7.615356542260675043e-01 -1.034009475336898021e+00
-2.518087459858247001e-01 -9.151809947217270924e-01 -7.910805064987251889e-01 -1.155956762360987433e+00
-2.921492326652221916e-01 -7.157118401381739048e-01 -9.178138830929573055e-01 -7.976428253837626325e-01
-2.665770471104917938e-01 -7.939183874368436200e-01 -8.374764928179811996e-01 -9.172266109377854582e-01
-2.303459042880178220e-01 -5.613715468221587290e-01 -7.236530006957344607e-01 -5.960422006296525188e-01
-2.615500109720898525e-01 -4.248913463637284949e-01 -8.216835930162472712e-01 -4.388418553697588376e-01
-2.777016992164325071e-01 -2.974037087965597514e-01 -8.724256181477467731e-01 -3.019721617243618095e-01
-2.490986762613003336e-01 -1.060748431458697905e-01 -7.825665713614433638e-01 -1.062747805937309803e-01
-2.332712364654401238e-01 1.466669038374950329e-01 -7.328432027736341281e-01 1.471978897408302012e-01
-2.746306189738068060e-01 9.943568591258866718e-02 -8.627775350189290648e-01 9.960028029708248298e-02
-2.290045034056655826e-01 1.252756641451324704e-02 -7.194388655382177866e-01 1.252789411686946498e-02
-2.960793287876715141e-01 2.980174241472308694e-01 -9.301606441991457919e-01 3.026150270598877978e-01
-2.402669768284877438e-01 4.062849595451398788e-01 -7.548209693046061819e-01 4.183846456878130282e-01
-2.880148656879699676e-01 5.004693659831327412e-01 -9.048253861699774303e-01 5.241408376000280533e-01
-2.367504879141888452e-01 5.938269927989376917e-01 -7.437735935650148233e-01 6.358069736608492617e-01
-2.316991947513107331e-01 7.489994232969165999e-01 -7.279044880733885892e-01 8.465506437743185453e-01
-2.884228447577086296e-01 6.717618624981773756e-01 -9.061070902182868370e-01 7.365846597326758394e-01
-2.231408212010848047e-01 9.282459212445712815e-01 -7.010175646013215855e-01 1.189669065240693158e+00
-2.888393231168264741e-01 8.337928005912897955e-01 -9.074154955716705606e-01 9.859425124217470193e-01
-2.043302083938789426e-01 -9.559675465356352042e-01 -6.419222815966815210e-01 -1.272939162411760083e+00
-2.110999452617217109e-01 -7.196192565234356131e-01 -6.631900372074324146e-01 -8.032538327364511233e-01
-1.453514249859115814e-01 -8.268377454249813407e-01 -4.566349689245477461e-01 -9.734618441165884262e-01
-1.673438134557887480e-01 -6.542612385420472076e-01 -5.257260949764066549e-01 -7.132053566094773700e-01
-1.727813746314057486e-01 -5.157499328500696478e-01 -5.428086972191701332e-01 -5.418827527686850276e-01
-2.186770604864265444e-01 -2.531842507908841355e-01 -6.869942467327684321e-01 -2.559703386082171628e-01
-1.707152009126777781e-01 -3.543162824617889228e-01 -5.363176210433741042e-01 -3.621828154498917263e-01
-2.097989166732896482e-01 -4.070085499208970781e-01 -6.591027353519038900e-01 -4.191766793038551597e-01
-1.573772293564918989e-01 -2.146814806641763607e-01 -4.944151475886708891e-01 -2.163656949600832602e-01
-1.908729981513834772e-01 -4.072612144444298643e-02 -5.996452087610445458e-01 -4.073738802827403527e-02
-1.839924519957636395e-01 1.858815794428809731e-01 -5.780293355058637728e-01 1.869690023047478056e-01
-1.593561503276159641e-01 8.202244768825539545e-02 -5.006321111735889673e-01 8.211469740053983779e-02
-1.445096196852990733e-01 4.208177251453226742e-01 -4.539903595763905009e-01 4.343465587484419688e-01
-2.116861446002433755e-01 3.126895060734000698e-01 -6.650316367428712461e-01 3.180232078236383542e-01
-1.495716678196539196e-01 2.629530416526810743e-01 -4.698932528073976322e-01 2.660816858782864003e-01
-1.979387813283208786e-01 4.929381322079331440e-01 -6.218430212815694302e-01 5.154634487574299984e-01
-1.619650491244850610e-01 6.628217508213163356e-01 -5.088282084677921979e-01 7.245809834623089252e-01
-1.626510164751071574e-01 8.002415659218078403e-01 -5.109832384571090236e-01 9.276979360033686950e-01
-2.132217890757466261e-01 8.712753756701199226e-01 -6.698560061456380055e-01 1.057794951300072173e+00
-1.076280202306985068e-01 -8.972323478359607307e-01 -3.381233976771760852e-01 -1.113461127471834677e+00
-1.124677190440230845e-01 -7.505843612263758402e-01 -3.533277599147037762e-01 -8.489459931863641007e-01
-1.023610932448344446e-01 -5.156126876041156049e-01 -3.215768585513916755e-01 -5.417225655913432414e-01
-9.837427324616099256e-02 -6.490569558377961012e-01 -3.090518941323743274e-01 -7.063441392961226084e-01
-7.503847061427060261e-02 -4.074632263941853072e-01 -2.357403080184060917e-01 -4.196745058918878168e-01
-1.123165292128589510e-01 -3.332023376050883279e-01 -3.528527830518210506e-01 -3.396979709145349635e-01
-1.433504918445525078e-01 -3.462136956630601503e-02 -4.503488520673297191e-01 -3.462828972156600099e-02
-8.022489840231039615e-02 -1.134098133102336980e-01 -2.520339514556858562e-01 -1.136543400304728668e-01
-1.124722163418019338e-01 -2.069449531344331739e-01 -3.533418885923668151e-01 -2.084512786917477878e-01
-1.085623938342379358e-01 1.676657276935606955e-01 -3.410588189257637293e-01 1.684613989881047214e-01
-1.011956486247449494e-01 1.218086155035269513e-02 -3.179155062947527921e-01 1.218116278974933943e-02
-7.452061408185772784e-02 4.498070918171408472e-01 -2.341134137405643245e-01 4.665493351073308204e-01
-7.261946399980279132e-02 2.536348248757482882e-01 -2.281407746094089029e-01 2.564361160998688827e-01
-1.105828363869669761e-01 3.126493042580600346e-01 -3.474062264064174954e-01 3.179808839757439221e-01
-1.133761871497889206e-01 5.340507450597498096e-01 -3.561817966417983872e-01 5.633845709842174587e-01
-8.601596722743254375e-02 6.171577826575400660e-01 -2.702271307331224892e-01 6.651253687566917039e-01
-1.022107271060075373e-01 7.448904123111814712e-01 -3.211044693943044259e-01 8.403705726598219572e-01
-7.652884927363912126e-02 8.623783634588213509e-01 -2.404224706657452360e-01 1.039948910264550275e+00
-6.979193647415704582e-02 9.550978092801651886e-01 -2.192578349070173072e-01 1.269989718357401376e+00
-2.819123177739979447e-02 -9.307631451324296368e-01 -8.856536664752631682e-02 -1.196494577569941820e+00
-5.356553335801361726e-02 -8.138632485410650652e-01 -1.682810860831545907e-01 -9.507701530902319398e-01
7.183731907214108148e-03 -7.766942444185900296e-01 2.256835938506243644e-02 -8.894004508142376864e-01
-5.774008230982086154e-02 -7.104999700489211811e-01 -1.813958184022032016e-01 -7.902084450394164516e-01
-5.495885471252837107e-02 -5.262189952849674057e-01 -1.726583342145878996e-01 -5.541480016749388282e-01
-2.824171748349790789e-02 -6.282946045527635359e-01 -8.872397217091544663e-02 -6.793591719751078672e-01
6.230000305724736620e-04 -4.914316222395576084e-01 1.957212319232699577e-03 -5.137328037904260736e-01
-3.252702870868073859e-02 -3.217519534599984077e-01 -1.021866744342957017e-01 -3.275792545225735264e-01
-2.560018381433160073e-02 -2.622790008039865839e-02 -8.042534940165248225e-02 -2.623090805236130349e-02
-2.170071025469733073e-03 -1.327840263847823721e-01 -6.817479191383782507e-03 -1.331773542847337066e-01
-4.969283073131824935e-02 -1.952778160846442290e-01 -1.561146319615905054e-01 -1.965407117797598469e-01
-4.615572089202890638e-02 1.309606625349553077e-01 -1.450024736755389509e-01 1.313379258974779473e-01
-6.323515771953447384e-03 2.034973746736092881e-01 -1.986591069402814103e-02 2.049287228117287196e-01
1.056121371680385224e-02 5.842638917167142232e-02 3.317903142570273467e-02 5.845968147728749370e-02
-3.888370512847338922e-02 3.475672110034826456e-01 -1.221567623759637622e-01 3.549753061237876373e-01
9.950212177227024668e-03 5.139177694165177890e-01 3.125951347763612082e-02 5.397455947389526720e-01
-4.094222099519395641e-02 5.671221030786834927e-01 -1.286237807001511246e-01 6.030074880690683425e-01
-2.473298725408845655e-02 6.770693410929160549e-01 -7.770097105877428467e-02 7.437729913307750129e-01
-1.245023101153375222e-02 8.005701009946304403e-01 -3.911355428133025253e-02 9.282459891129991592e-01
2.421603718272224981e-02 -8.671459063790474264e-01 7.607692451229748631e-02 -1.049442924512157482e+00
1.467653988724193503e-02 -6.876077714983859224e-01 4.610770988987683561e-02 -7.581891837539482815e-01
6.796307539942980647e-02 -6.814436657170248601e-01 2.135122983902178750e-01 -7.497333974964833780e-01
6.661126658199645334e-02 -5.476446111626398494e-01 2.092654657403113516e-01 -5.795465795058408753e-01
4.338522721732718246e-02 -4.009805631191183384e-01 1.362987111002790241e-01 -4.125869782465919622e-01
7.177402364596052742e-02 -3.012223292857609813e-01 2.254847454047296806e-01 -3.059742618960771265e-01
6.192886455791590805e-02 -5.284415937305197986e-02 1.945552659403059215e-01 -5.286878492889550418e-02
2.061984058656451957e-02 -2.312778866636127084e-01 6.477913970494374174e-02 -2.333909768242078131e-01
4.371153578632736014e-02 2.201535818285447199e-01 1.373238397034533820e-01 2.219719123994376986e-01
5.060843071268306126e-02 6.397861528543136167e-02 1.589910741366731550e-01 6.402234276345035446e-02
7.059952339984043590e-02 3.660877296115945256e-01 2.217949440598794009e-01 3.748014070507583728e-01
2.655120672401722892e-02 4.122135259690069553e-01 8.341307598811643909e-02 4.248822740312503399e-01
5.016786135681261527e-02 5.720335962667419949e-01 1.576069846848737743e-01 6.089830174486945413e-01
8.803840269015683617e-02 7.197108983749236355e-01 2.765807991251765796e-01 8.033858203932325859e-01
5.641005036374990844e-02 8.209113535982914822e-01 1.772173998113869553e-01 9.630051033004289884e-01
2.494474189216022708e-02 7.244574823170180089e-01 7.836621787410412432e-02 8.102470347149415275e-01
5.964411408747372079e-02 9.396892235355713829e-01 1.873775106470789154e-01 1.221720543636079404e+00
2.940615215242270430e-02 8.898691786440733331e-01 9.238215157239484943e-02 1.097058336038399418e+00
1.293738340516967789e-01 -8.647061825466391127e-01 4.064398866235556240e-01 -1.044565107027362938e+00
9.763978937020256765e-02 -9.389490356325489451e-01 3.067444449834831333e-01 -1.219562831914871026e+00
9.054051653206096617e-02 -7.756009631685942818e-01 2.844414215893479314e-01 -8.876665997048885925e-01
1.138750525537786107e-01 -5.587827334535995227e-01 3.577490285301024864e-01 -5.929172737474993626e-01
1.420745161788308231e-01 -6.547591703159423293e-01 4.463402562897391124e-01 -7.138639502434154238e-01
9.194414483432788998e-02 -4.430052698175306336e-01 2.888510499521204089e-01 -4.589480619787028592e-01
1.639605135746196041e-01 -3.434149433906461546e-01 5.150971449248344936e-01 -3.505505673356202334e-01
1.158240770542233733e-01 -3.185744484112822406e-01 3.638720695823662865e-01 -3.242251980024993818e-01
1.326700601421100245e-01 -2.082868740499319582e-01 4.167952862937688852e-01 -2.098230909346529005e-01
9.007527888821376116e-02 -1.806198793568070116e-01 2.829798344252641429e-01 -1.816166598315264724e-01
1.666657782610436733e-01 -8.835809741337263823e-02 5.235959845897202314e-01 -8.847347408809266844e-02
1.200411750932179888e-01 -8.510150474050837133e-02 3.771204738011396662e-01 -8.520456225213071666e-02
1.116870722503990887e-01 2.181105528742655064e-01 3.508752856828062372e-01 2.198779906816357155e-01
1.265886982487398615e-01 4.465420635534211868e-02 3.976901244457362594e-01 4.466905975459002642e-02
1.579297697477415330e-01 1.218655816935789726e-01 4.961510044226323801e-01 1.221692576791190699e-01
1.512705963438134571e-01 2.932336491616192031e-01 4.752305941778713905e-01 2.976074253763313915e-01
1.046903689781224500e-01 5.947881366558693816e-01 3.288944940832742581e-01 6.370020728575325197e-01
1.636395950792539633e-01 4.769850360550929036e-01 5.140889497373927197e-01 4.972211678368341214e-01
1.166704142178141002e-01 4.740959923943455223e-01 3.665309161979629082e-01 4.939370182530058995e-01
1.566602160847001546e-01 5.869245536208860248e-01 4.921625839614835463e-01 6.272550593006653852e-01
1.267958757199669773e-01 8.197732991157948845e-01 3.983409916673326667e-01 9.610150525672905841e-01
1.439680408481143203e-01 7.458527273488759768e-01 4.522889394801511975e-01 8.418140835228326013e-01
1.543831237218533659e-01 8.922197347052551741e-01 4.850088873228186603e-01 1.102236802572966745e+00
2.115880742400206849e-01 -7.589870107113290132e-01 6.647235396196606860e-01 -8.617559026699688207e-01
2.198748515468771370e-01 -4.711693777970180630e-01 6.907572183288155365e-01 -4.906160701896070120e-01
2.438639754231861634e-01 -5.880285832653788791e-01 7.661212736646835220e-01 -6.286193372164741167e-01
2.025133013584745623e-01 -6.566849351544747915e-01 6.362142998019995055e-01 -7.164146263738259135e-01
1.782823540829783227e-01 -5.649509323066104205e-01 5.600905338517789822e-01 -6.003737853520858536e-01
1.740643575760183470e-01 -4.572922959456156011e-01 5.468393070126460476e-01 -4.749481041322043962e-01
2.056982246148257865e-01 -2.370354179465976596e-01 6.462200313063998225e-01 -2.393131613480825592e-01
2.063661261600837626e-01 -2.569207825914565646e-02 6.483183058943036148e-01 -2.569490558257103707e-02
1.957505335428244564e-01 1.834537836774201569e-01 6.149684381144197021e-01 1.844987195154280391e-01
2.355642981270367198e-01 2.345531590210048201e-01 7.400470684439344193e-01 2.367588784920974243e-01
2.337244610537891898e-01 4.417845970995102345e-01 7.342670498108178068e-01 4.575869500300491777e-01
1.923430069220777305e-01 3.883997011478286243e-01 6.042633775157700837e-01 3.988943149961141077e-01
1.886774655647005527e-01 6.637527797973876709e-01 5.927477397160044736e-01 7.258250679912996439e-01
2.162057912723989173e-01 5.459269231745929041e-01 6.792305255249366791e-01 5.774950507982331560e-01
2.381282994717994761e-01 7.634779069556989484e-01 7.481021162324354989e-01 8.686812489403098470e-01
2.317475169662839285e-01 8.543383754031359523e-01 7.280562967889535608e-01 1.024276456980300454e+00
2.152458277490540972e-01 9.347674473737532796e-01 6.762147111722823789e-01 1.207603901747395847e+00
2.542882041359659784e-01 -8.364373414028851705e-01 7.988699540080923533e-01 -9.907501470229859164e-01
2.598110784277267715e-01 -9.078606582511556944e-01 8.162205753097879768e-01 -1.138153020524505843e+00
2.570757402570398309e-01 -7.035169081589669471e-01 8.076272570076741264e-01 -7.803341168865911559e-01
3.003460080313513636e-01 -7.779964185392131970e-01 9.435648123663143982e-01 -8.914704381142792844e-01
2.908629119542271990e-01 -6.240963886085477696e-01 9.137727873971349668e-01 -6.739745195887104634e-01
2.726198732688507320e-01 -5.053433774678828261e-01 8.564605910840018543e-01 -5.297798447720087900e-01
2.446621688022703189e-01 -3.272310914350202715e-01 7.686288721205583041e-01 -3.333718481902253061e-01
2.880069307851766958e-01 -3.240177874350955722e-01 9.048004579376551781e-01 -3.299733195404900288e-01
3.065844228374159375e-01 -2.139210270760953936e-01 9.631633704910926852e-01 -2.155871539859259556e-01
2.478239350418753872e-01 -1.806102783799954370e-01 7.785618537112698467e-01 -1.816068983154436323e-01
2.692451461325164885e-01 -2.482843964846814799e-02 8.458585731046240896e-01 -2.483099127748858784e-02
3.103944470312356430e-01 -4.429899447004137514e-02 9.751329145083961203e-01 -4.431349601090597834e-02
2.481240627274583499e-01 7.958107310941509027e-02 7.795047326434361157e-01 7.966531318310977883e-02
3.084050350193217049e-01 1.243691581454140493e-01 9.688829923468039729e-01 1.246920277660079901e-01
2.762817067160965312e-01 1.960543142508548442e-01 8.679645801405386774e-01 1.973325150651356608e-01
2.852835694132760391e-01 4.252494691731762977e-01 8.962447658586217836e-01 4.392375011109120875e-01
2.798623401881690231e-01 6.078660234245270022e-01 8.792134719515992680e-01 6.533703235139488585e-01
2.973587871102745250e-01 8.074936746466516713e-01 9.341801810660097516e-01 9.398907727208235530e-01
2.458077245508989428e-01 9.728420741487222578e-01 7.722277416447275167e-01 1.337208016179486814e+00
3.482122471595472391e-01 -8.818952328505222926e-01 1.093941037566426910e+00 -1.079867255465984277e+00
3.743333317253116910e-01 -7.889497330564692046e-01 1.176002844942030334e+00 -9.090978586219461421e-01
3.694945517197842921e-01 -4.702224503715346504e-01 1.160801369224328194e+00 -4.895428158146378772e-01
3.546801410178899161e-01 -6.519852273680399879e-01 1.114260525395994739e+00 -7.101997322836277604e-01
3.227640011393502206e-01 -4.352638627235132507e-01 1.013993014822630379e+00 -4.503313381688986428e-01
3.642241980059039985e-01 -3.317208502238684353e-01 1.144244064714982079e+00 -3.381271287892096411e-01
3.481549781378772135e-01 -1.356111417240157824e-01 1.093761121628670008e+00 -1.360302764734327152e-01
3.788717434423427566e-01 -4.968527357998353544e-02 1.190260685851220801e+00 -4.970573871892731976e-02
3.794792528314938629e-01 -2.227029493102270497e-01 1.192169232885164742e+00 -2.245861754533183818e-01
3.451536457122250656e-01 5.711774160672966616e-02 1.084332157729260393e+00 5.714884445699278115e-02
3.386768162458118070e-01 2.404559284388800844e-01 1.063984597859022774e+00 2.428355334265573096e-01
3.854126524549230659e-01 4.514027531025777140e-01 1.210809557552942506e+00 4.683367437549634249e-01
3.296690985732002588e-01 3.776329132753695195e-01 1.035686018193135327e+00 3.872385873798777634e-01
3.842366454820240751e-01 5.745093581567459751e-01 1.207115022686312544e+00 6.120045801478929404e-01
3.339134242516510476e-01 5.576624978842421587e-01 1.049019960563998710e+00 5.915670897869168554e-01
3.538799544501363137e-01 7.642694871851567484e-01 1.111746665153238833e+00 8.699078099487853599e-01
3.231507848217429757e-01 6.842854540630045612e-01 1.015208131597763686e+00 7.536233629952499014e-01
3.619664268270306184e-01 9.323844632271194310e-01 1.137151067365946844e+00 1.200954310252309920e+00
3.543811452967291498e-01 8.594792414342777853e-01 1.113321202634941276e+00 1.034250041495182071e+00
4.160238317487434667e-01 -7.115133149316461569e-01 1.306977413540128641e+00 -7.916495235878999726e-01
4.689266877567552783e-01 -7.710844591475412013e-01 1.473176637328817096e+00 -8.805425615429650632e-01
4.735247391258623484e-01 -6.626594478971359337e-01 1.487621841730832450e+00 -7.243642469578103205e-01
4.326520188021036883e-01 -5.836062125673087131e-01 1.359216403829482056e+00 -6.231625877831460381e-01
4.547100157019243749e-01 -4.159410048273992633e-01 1.428513644842865027e+00 -4.289773214583992300e-01
4.301491101706669262e-01 -3.213346536181020952e-01 1.351353284460353743e+00 -3.271385510637830341e-01
4.118492920233136623e-01 -4.278003995727790443e-01 1.293862710206599598e+00 -4.420578438965241941e-01
4.424255235699721123e-01 -1.691299957423941791e-02 1.389920774608042198e+00 -1.691380600404841783e-02
4.237845637403296895e-01 -1.759431902339045894e-01 1.331358472151375150e+00 -1.768638231447519638e-01
4.011592678567195147e-01 2.058503562418079191e-01 1.260279008818130153e+00 2.073325944430488565e-01
4.552106560818440784e-01 1.456800511463929304e-01 1.430086452982511247e+00 1.462003221046174473e-01
4.745407059350017498e-01 3.126761759894174375e-01 1.490813595594715935e+00 3.180091740525491373e-01
4.596906961925584234e-01 4.257716667704352087e-01 1.444160914082118996e+00 4.398145447214538151e-01
4.131496985212657069e-01 3.466718558882115886e-01 1.297948057707246194e+00 3.540205874042130496e-01
4.638629549282924369e-01 5.357490246311551463e-01 1.457268451475176807e+00 5.653945711639165594e-01
4.661238757396772847e-01 6.408343205248123731e-01 1.464371343686571736e+00 6.955845820932030632e-01
4.067359705913438095e-01 6.828506641675191613e-01 1.277798737160479758e+00 7.516575913470715520e-01
4.642534092827288461e-01 7.576148980868890881e-01 1.458495100006636402e+00 8.596511256567103132e-01
4.301070006577285554e-01 8.478275407355475579e-01 1.351220993523860381e+00 1.011874898958351254e+00
4.573747425781657938e-01 9.816786544254116897e-01 1.436885131221088407e+00 1.379080047829463584e+00
4.942192777914120594e-01 -8.647956675546986105e-01 1.552635652371953334e+00 -1.044743292675008206e+00
5.227097726195344407e-01 -7.096806396588368759e-01 1.642141181621120660e+00 -7.890448060326468172e-01
4.942144056270314501e-01 -5.416313017718350498e-01 1.552620346016128083e+00 -5.723765013169503924e-01
5.381565393180836043e-01 -4.547269534270845792e-01 1.690668630402998085e+00 -4.720656135487148464e-01
5.406307310630360519e-01 -3.335777898139429265e-01 1.698441533012513327e+00 -3.400962065953260227e-01
4.988104223289007155e-01 -3.712244208926058775e-01 1.567059158322496648e+00 -3.803273209115822784e-01
4.845814720771082218e-01 -2.162231400526506420e-01 1.522357592743170729e+00 -2.179444321806619789e-01
5.419052949387390683e-01 -1.148417674859980586e-01 1.702445693520952652e+00 -1.150957118152457354e-01
5.004802836099659924e-01 -1.025213042131847274e-01 1.572305182255605338e+00 -1.027017527120155649e-01
4.874794218760156728e-01 7.632584910553541491e-02 1.531461770541890255e+00 7.640015181744634620e-02
5.343287639672960054e-01 2.119711826824131062e-01 1.678643319481371687e+00 2.135915376606699889e-01
5.231200024683682059e-01 1.000415833848133929e-02 1.643429956700499961e+00 1.000432522066745621e-02
5.460893313656756121e-01 3.558529771284779653e-01 1.715590231622168726e+00 3.638266309855645586e-01
5.115514527072675399e-01 5.894905030029813364e-01 1.607086285758338118e+00 6.304279545153935738e-01
5.122576187923004731e-01 4.787877212436331131e-01 1.609304771943292023e+00 4.992733551542708481e-01
5.492762349763127272e-01 7.957055449458805274e-01 1.725602184593044930e+00 9.201715634875559102e-01
5.165611902647584408e-01 7.142790503932678892e-01 1.622824840465364460e+00 7.955934317013553247e-01
5.105580135829141941e-01 9.052474500262182033e-01 1.603965304703480976e+00 1.131961753774999302e+00
4.910841638013452304e-01 9.497095076217259013e-01 1.542786401292592702e+00 1.252306890099067260e+00
5.633120016521955264e-01 -9.557916824867633832e-01 1.769696846069498841e+00 -1.272340493686719531e+00
5.597166023210111696e-01 -9.110392229092207916e-01 1.758401565943928491e+00 -1.145797515082880080e+00
5.882079352744464806e-01 -8.447170408712645351e-01 1.847909728241421634e+00 -1.006036261358261186e+00
5.824648791584057239e-01 -7.685541220009550756e-01 1.829867385338113994e+00 -8.765781293657263218e-01
6.094094930418529898e-01 -5.117231927521888046e-01 1.914516386368165568e+00 -5.371892890127488718e-01
5.702619304029108438e-01 -6.251283199355883724e-01 1.791530691175718504e+00 -6.752959248313655793e-01
6.270080253847358787e-01 -6.381454378670976535e-01 1.969803806290528758e+00 -6.920870683458882899e-01
6.311280187489636262e-01 -4.035237179417971998e-01 1.982747147176425306e+00 -4.153647780953525492e-01
6.008079916554143196e-01 -3.024382960119607056e-01 1.887493972802687381e+00 -3.072497136782637583e-01
5.900925955236839826e-01 -6.980723992203796691e-02 1.853830563034938761e+00 -6.986406031408903816e-02
5.664608550170173729e-01 -2.119937422444975184e-01 1.779589260667654660e+00 -2.136146218461843771e-01
5.575634253166419363e-01 6.969018804225379782e-02 1.751637160885123556e+00 6.974672266929704545e-02
5.823984744010395342e-01 1.752631746845765282e-01 1.829658768640209043e+00 1.761730740521415539e-01
6.063174271402991256e-01 5.913746207695025348e-02 1.904802374847428315e+00 5.917198608095175505e-02
5.673863988389757917e-01 4.690312991044212065e-01 1.782496942339294677e+00 4.881936271600184063e-01
6.046864287374684732e-01 3.267134480149693765e-01 1.899678442247078936e+00 3.328240970347581262e-01
5.992643048713748311e-01 5.810192549416575147e-01 1.882644337742505281e+00 6.199804571744548243e-01
5.701629729281390002e-01 6.598685812015989693e-01 1.791219807099957650e+00 7.206438444321837666e-01
6.227259659981956297e-01 4.869321988023500580e-01 1.956351319979538594e+00 5.085739788352099389e-01
6.112824179512652556e-01 7.475700456109855008e-01 1.920400353504300384e+00 8.443959451087131862e-01
6.286064161803730510e-01 9.248239740289718736e-01 1.974825299071667928e+00 1.180572588575233173e+00
6.898959165694633633e-01 -8.528138680617891598e-01 2.167371943236223064e+00 -1.021350150850045546e+00
6.447713039596807416e-01 -7.394745174965740020e-01 2.025608791765244554e+00 -8.322894312685824580e-01
7.102381939043749259e-01 -7.420032669349769794e-01 2.231279092268867448e+00 -8.360536208509867784e-01
6.696409660628606098e-01 -4.873114808640224282e-01 2.103739139525854895e+00 -5.090082709366119396e-01
6.877708586901127852e-01 -5.964671937367966859e-01 2.160695877014001898e+00 -6.390923755188556710e-01
6.603135662887045232e-01 -3.075573325214109310e-01 2.074436248918270831e+00 -3.126248679491295812e-01
6.403694301119398080e-01 -1.732621732337613629e-01 2.011779897223152425e+00 -1.741409795594493770e-01
6.840291869125041391e-01 -1.295421550472681815e-01 2.148941068445322511e+00 -1.299072301837025933e-01
6.391780880025725864e-01 -2.733433158226339366e-02 2.008037185604452102e+00 -2.733773660632827715e-02
6.424799837660313262e-01 1.217136398089218030e-01 2.018410397077853524e+00 1.220161762466831779e-01
6.801189817145283367e-01 1.886000505350726719e-02 2.136656796521333224e+00 1.886112331581916643e-02
6.649211571420616806e-01 2.725761216162130296e-01 2.088911422493925585e+00 2.760695274486120732e-01
6.576738128304884246e-01 4.205937813840374684e-01 2.066143218846650864e+00 4.340997063832277014e-01
7.060093383358667651e-01 2.864789240525198455e-01 2.217993750681749532e+00 2.905496953229136925e-01
6.973837320635263293e-01 6.126500772282692520e-01 2.190895609383806786e+00 6.594092754606193374e-01
6.578962932120533402e-01 6.955580085071912944e-01 2.066842161578943404e+00 7.691962713996031153e-01
6.769825060295395769e-01 7.793727010243718389e-01 2.126803267551209409e+00 8.936640144280475484e-01
6.406147188319286645e-01 8.433474841147474699e-01 2.012550494463877904e+00 1.003482505440075778e+00
6.702295727740881226e-01 9.670903571010089905e-01 2.105588302045700910e+00 1.313534781269166452e+00
7.129280445047327941e-01 -9.489490413980765648e-01 2.239729507154205823e+00 -1.249887188720954612e+00
7.656849776354996973e-01 -9.083016882273402537e-01 2.405470300703751008e+00 -1.139206116013744330e+00
7.748948243676159198e-01 -7.369238488915190732e-01 2.434403887538055145e+00 -8.285083156667103488e-01
7.298609970865794772e-01 -6.551247350219266963e-01 2.292925946588919572e+00 -7.143477067399285341e-01
7.436183974578880473e-01 -5.312883183943133414e-01 2.336146094527915995e+00 -5.601205355165186361e-01
7.312661134786522243e-01 -3.527205539326248029e-01 2.297340249923693900e+00 -3.604769337050048317e-01
7.736487899217139308e-01 -4.283377498501896863e-01 2.430489354876689490e+00 -4.426524249837092695e-01
7.642348179250804119e-01 -2.594560000690728785e-01 2.400914489610965763e+00 -2.624588704196892941e-01
7.282558604986764106e-01 -2.994225694797814086e-02 2.287883261276355107e+00 -2.994673281957832903e-02
7.264665026578704943e-01 -1.818693437772234134e-01 2.282261827829035639e+00 -1.828871664158527588e-01
7.734080172854718160e-01 -1.418668339270490186e-01 2.429732945331485983e+00 -1.423470695064280311e-01
7.163905389018461189e-01 1.548967636740627984e-01 2.250607254115272848e+00 1.555229549458235772e-01
7.514414011460333054e-01 2.358244429739875248e-01 2.360722785443599037e+00 2.380668515834677978e-01
7.536361243466087600e-01 6.436272112080665408e-02 2.367617711727189711e+00 6.440724190195087906e-02
7.237836381659383811e-01 4.630708186562124684e-01 2.273833360450605134e+00 4.814567541671517237e-01
7.681584567092456517e-01 3.430771680500788179e-01 2.413240964390639398e+00 3.501909432158005764e-01
7.628003498953601635e-01 5.463454338915856301e-01 2.396407975386987133e+00 5.779946479340767329e-01
7.699124597911481960e-01 6.549805106876234184e-01 2.418751327587118194e+00 7.141568285894444035e-01
7.385688087327491047e-01 7.358990079994143230e-01 2.320282343685369675e+00 8.269934747438667522e-01
7.451764751187079927e-01 8.212433662373377352e-01 2.341040939860870473e+00 9.635867480530386775e-01
7.379819382656755966e-01 9.057338580172826781e-01 2.318438635737402720e+00 1.133107953392850975e+00
8.558643994331400773e-01 -9.414262812905231925e-01 2.688777309728193288e+00 -1.226835179575584966e+00
8.336607609980060118e-01 -8.717600328881842664e-01 2.619022522337412173e+00 -1.058783313793636660e+00
8.526922583967835312e-01 -7.334192101631991090e-01 2.678811734752224893e+00 -8.233382994720956916e-01
8.041186487197624633e-01 -8.094636175489284824e-01 2.526213239432557156e+00 -9.432380346267748017e-01
8.129401961250048991e-01 -6.467277120452588068e-01 2.553926947954161086e+00 -7.032863093733463522e-01
8.122674800742275547e-01 -5.176153867210104842e-01 2.551813548151086852e+00 -5.440615717237342608e-01
8.469132208120258021e-01 -4.455305863685368184e-01 2.660656352731130436e+00 -4.617668308110690067e-01
8.176788787293005623e-01 -2.838047368379776891e-01 2.568813958411510168e+00 -2.877596804778178585e-01
8.644954370889361694e-01 -3.291524273381323251e-01 2.715892514220498821e+00 -3.354058453690123009e-01
8.358165071432588356e-01 -1.207724644022400984e-01 2.625794998590342821e+00 -1.210680060090868898e-01
7.923859291115502579e-01 -1.970498034006196164e-02 2.489353813704768825e+00 -1.970625575841462515e-02
8.193946110640666358e-01 1.369745226927945314e-01 2.574204090509937704e+00 1.374064996526239701e-01
8.236532283729958159e-01 4.145424766669139061e-01 2.587582931362119698e+00 4.274399890297223004e-01
8.067913642722688294e-01 2.540725669384398255e-01 2.534609822977446303e+00 2.568886830718036252e-01
8.544012587366145439e-01 2.570592451779969423e-01 2.684180717664820470e+00 2.599779523255015823e-01
8.377527007179601526e-01 5.750986496089558475e-01 2.631877730100552260e+00 6.127247290892281484e-01
8.302943908076214630e-01 6.930247366224053795e-01 2.608446758478036198e+00 7.656763354892984763e-01
8.261018175816494669e-01 8.523625134408840953e-01 2.595275401231685208e+00 1.020486451822863794e+00
8.285607697580699149e-01 9.336516955422446973e-01 2.603000427324656307e+00 1.204476106566028326e+00
9.117502772210861473e-01 -9.754024580970221958e-01 2.864347972826221334e+00 -1.348539500278177927e+00
9.076579164273146372e-01 -8.482060594680391752e-01 2.851491442220670081e+00 -1.012589126688380858e+00
9.416047204773942969e-01 -9.080206991796568872e-01 2.958138472437252364e+00 -1.138534889858695331e+00
9.650941238911756592e-01 -6.936388466016525367e-01 3.031932609639194975e+00 -7.665285340478354970e-01
9.306664893940788108e-01 -7.779805936478689787e-01 2.923775006022641065e+00 -8.914452504130773169e-01
8.960569752350406869e-01 -6.449689754352736504e-01 2.815046010596295112e+00 -7.009826855554732727e-01
9.608239842920947016e-01 -5.953426171492148811e-01 3.018517570444919418e+00 -6.376920021671135252e-01
8.721338305820280912e-01 -5.405061378712592290e-01 2.739889235103624809e+00 -5.710385785930764957e-01
9.297155295497732119e-01 -5.126617626244802661e-01 2.920787477561911594e+00 -5.382820844444952124e-01
8.998032016757491203e-01 -4.323798634572244559e-01 2.826815128061108240e+00 -4.471304440149538872e-01
9.768484760379465559e-01 -3.956024326362537202e-01 3.068859995991197742e+00 -4.067237017319110248e-01
9.197442450028505689e-01 -2.451507532812369217e-01 2.889461763282445972e+00 -2.476751877943900448e-01
9.351555862424287824e-01 -3.560718346504820886e-01 2.937877919702670315e+00 -3.640608283725254579e-01
9.909331671920464935e-01 -2.206131529187020934e-01 3.113108358248999341e+00 -2.224430676309927801e-01
9.396759014610207572e-01 -1.104862139873505900e-01 2.952078908785308986e+00 -1.107122457988100328e-01
8.851569772037188866e-01 -1.333762292381326375e-01 2.780802656856951049e+00 -1.337748718981703333e-01
9.477825157660952904e-01 2.270333707023257652e-01 2.977546588731617039e+00 2.290304216856700326e-01
9.837489028198187491e-01 3.191530303988221462e-03 3.090538326075761955e+00 3.191535722096221911e-03
8.728024929149931221e-01 6.516752832800509765e-02 2.741989899776599682e+00 6.521374235035054534e-02
9.015166363346938105e-01 2.166412950731131382e-01 2.832198041798055232e+00 2.183727390863364481e-01
9.737211709608415422e-01 1.258917591607657815e-01 3.059035277335430791e+00 1.262266909350962252e-01
9.791364282554624321e-01 4.510652408828541571e-01 3.076047809869510097e+00 4.679585388257469503e-01
9.811889489441711909e-01 3.153305813353934894e-01 3.082495993786498634e+00 3.208049875801015083e-01
8.782082879851720314e-01 4.139703653791180216e-01 2.758972705855885721e+00 4.268114059589537823e-01
9.231866012733234150e-01 3.676021229820547465e-01 2.900276244452802299e+00 3.764292934768456722e-01
8.952854269082626271e-01 5.213608783485825793e-01 2.812622120040999540e+00 5.484449489658864696e-01
9.552436892455804518e-01 5.435044939363677940e-01 3.000986556521926918e+00 5.746064613053945003e-01
8.882097305443055202e-01 6.755857462519878620e-01 2.790393164324959763e+00 7.417588809807565964e-01
9.452124694594652432e-01 6.839731414965048995e-01 2.969472550135322741e+00 7.531951625812550732e-01
9.113504119823256922e-01 8.165399964642516828e-01 2.863091759129705594e+00 9.553918200386011250e-01
8.686181697805561708e-01 7.581269227998999050e-01 2.728844460957207119e+00 8.604359527821889841e-01
9.983120134263012702e-01 8.291260434995906259e-01 3.136289687370502843e+00 9.775426115282247475e-01
9.096603968199739043e-01 9.007230666348284842e-01 2.857782419911206073e+00 1.121431194951228338e+00
9.371953096421403728e-01 9.506069325370549716e-01 2.944285899750559654e+00 1.255185420066536217e+00
8.714208691693501319e-01 9.801365744002226155e-01 2.737649400767262708e+00 1.371148960470365719e+00
9.784948244230151637e-01 9.997541068456969882e-01 3.074032151982978966e+00 1.548619616840333890e+00
