-9.546203118174747537e-01 -8.943439211477268724e-01 -2.999028158573376235e+00 -1.106962555399481296e+00
-8.913819871296844166e-01 -6.583068751866920643e-01 -2.800359102308888293e+00 -7.185672889085351622e-01
-8.958140913337948597e-01 -7.488598150790037877e-02 -2.814282968316466071e+00 -7.495615103977609772e-02
-9.659383954420344143e-01 -4.855290634351905332e-01 -3.034584966941007877e+00 -5.069682490858185009e-01
-8.702960449132537413e-01 -4.338297809172566577e-01 -2.734115661147730414e+00 -4.487390622922991512e-01
-9.039438322379833579e-01 2.018097341391689170e-01 -2.839823302616653056e+00 2.032053223392169261e-01
-9.908906601877471854e-01 9.212703205520678118e-02 -3.112974818556566436e+00 9.225785199328354058e-02
-8.629941456636314179e-01 4.383990631514727010e-01 -2.711176068107864268e+00 4.538166655527667848e-01
-9.681687432155912099e-01 5.554878106308835939e-01 -3.041591811121364231e+00 5.889494972665760830e-01
-8.431576424772535550e-01 7.481516659067770636e-01 -2.648857855424628926e+00 8.452720700710886215e-01
-8.658314879863147073e-01 8.936310086938838992e-01 -2.720089841904525407e+00 1.105371557398095117e+00
-7.324277982999065628e-01 -6.277193846081345896e-01 -2.300989790423933368e+00 -6.786200119952496834e-01
-7.837971913362788978e-01 -8.445517564331306293e-01 -2.462371498206367360e+00 -1.005727516741736105e+00
-7.583709318363216489e-01 -3.537487301437394205e-01 -2.382492548153033685e+00 -3.615759589135386642e-01
-7.651577533523241659e-01 -7.258484755385130605e-02 -2.403813976768932381e+00 -7.264873541059355122e-02
-8.182840639472037658e-01 1.704529614341641075e-01 -2.570715203846135832e+00 1.712893394723106755e-01
-6.980518535519477652e-01 3.960945221385112625e-01 -2.192994574943537334e+00 4.072595625868739577e-01
-6.935571922435979086e-01 1.155653716359987815e-01 -2.178874179996851179e+00 1.158241661007053530e-01
-7.850705363762453537e-01 5.741052466382563502e-01 -2.466371829629411039e+00 6.115109423739053529e-01
-5.425069195099918584e-01 -9.212011180580059744e-01 -1.704335752854219566e+00 -1.171156309163017717e+00
-5.888693440579482186e-01 -5.802732056850816722e-01 -1.849987605216690367e+00 -6.190641102539712337e-01
-5.434318444755188438e-01 -2.901889988439836365e-01 -1.707241490331040890e+00 -2.944243291161592335e-01
-6.371962128608805731e-01 -1.404093183023402691e-01 -2.001810941218980400e+00 -1.408748163717160051e-01
-5.393035807058581543e-01 4.662392170843361328e-01 -1.694272167200194135e+00 4.850348805166316279e-01
-5.635651597498450016e-01 1.163171639640061539e-01 -1.770492165689271147e+00 1.165810629057656006e-01
-5.904189045082364196e-01 7.559079328926754382e-01 -1.854855692943609080e+00 8.570398503651164290e-01
-4.851238946724154566e-01 -5.838444021416839824e-01 -1.524061663583728965e+00 -6.234559423270610301e-01
-3.709498130987189946e-01 -5.567900465343258443e-01 -1.165373207681442480e+00 -5.905164000674553160e-01
-4.723031199561411597e-01 -7.899151684326695122e-01 -1.483784011921751800e+00 -9.106706463060051382e-01
-4.414314445814460086e-01 -2.375019975680066064e-01 -1.386797783360600667e+00 -2.397934562474511033e-01
-4.473953037472244709e-01 2.148802339959847707e-01 -1.405533799502854508e+00 2.165691975821915638e-01
-3.534190661086116236e-01 2.583460242992852152e-02 -1.110298741725379790e+00 2.583747707722274661e-02
-4.376384840781926133e-01 4.801783102502190648e-01 -1.374881846508223537e+00 5.008579798992405241e-01
-3.910615520167759485e-01 7.772817800176872183e-01 -1.228556098917326089e+00 8.903337651148385268e-01
-4.792081203751168417e-01 9.250860272658225636e-01 -1.505476710511040261e+00 1.181262063569668008e+00
-2.858521713532327091e-01 -8.809769938318927629e-01 -8.980310815360066368e-01 -1.077923079479554902e+00
-1.959078002948242414e-01 -5.145095148663041407e-01 -6.154625061871561442e-01 -5.404355464729515557e-01
-2.726896631430775209e-01 -7.149429305119736622e-01 -8.566798424401677048e-01 -7.965424799817284462e-01
-3.061059725468076032e-01 -2.350297810052472958e-01 -9.616602745730096213e-01 -2.372492072481433845e-01
-2.184480028992275003e-01 -2.514352228643372822e-01 -6.862746410995749224e-01 -2.541628312502983156e-01
-2.451907868189755479e-01 -2.638307754899038571e-03 -7.702895745983946441e-01 -2.638310815639269280e-03
-3.089645808767964574e-01 2.764441189229778217e-01 -9.706408575019932483e-01 2.800920566352780305e-01
-1.959330540815789057e-01 2.879517172013554838e-01 -6.155418432980999111e-01 2.920872728800151252e-01
-2.874809899549792824e-01 6.183027220584151884e-01 -9.031481660892840546e-01 6.665813124915381804e-01
-2.012360391610150678e-01 7.838074871004196975e-01 -6.322016622657528062e-01 9.007734944340750616e-01
-2.617071364055829630e-01 9.875832120272309833e-01 -8.221772171238013183e-01 1.413046084314790729e+00
-7.908654382429269880e-02 -8.338316907734386607e-01 -2.484577050762051542e-01 -9.860129595078387377e-01
-4.238731452131383470e-02 -6.689053566806362205e-01 -1.331636759055594976e-01 -7.327352238431427134e-01
-6.567573058621456461e-02 -3.811273448433185607e-01 -2.063263927287941613e-01 -3.910153710297347152e-01
-2.707599605925792297e-02 -1.268398257357117309e-02 -8.506175030839087381e-02 -1.268432270526621483e-02
-1.356863704469286613e-01 -6.190873274515396041e-02 -4.262713045883342877e-01 -6.194834728265268681e-02
-3.627345407359872098e-03 3.223833428366669196e-01 -1.139564168379444964e-02 3.282461799297478056e-01
-9.893570602629542243e-02 1.915097103842233750e-01 -3.108156872299291384e-01 1.927000973871898781e-01
-1.471280657488189814e-01 5.530349736987563158e-01 -4.622164504933657936e-01 5.860025871675123010e-01
-7.676243389763670599e-02 8.768174040013527737e-01 -2.411562984044875735e-01 1.069202661621070360e+00
1.794658187651965164e-02 -9.784702868926813402e-01 5.638084978032185945e-02 -1.362914559929347957e+00
1.138923864135747976e-01 -6.694401232462299234e-02 3.578034844566965744e-01 -6.699411503875377094e-02
3.870290469230686092e-02 -4.882766301926222408e-01 1.215887610539371638e-01 -5.101138780874053813e-01
4.068021619284589718e-02 -2.056137376303812658e-01 1.278006683378892228e-01 -2.070908035270607184e-01
1.531849548519692572e-01 2.813482115535173023e-01 4.812447288034307769e-01 2.851987844507029579e-01
1.131422278244054169e-02 5.700690075934571333e-01 3.554467917439347452e-02 6.065898448069666493e-01
1.066544867838958854e-01 6.893276508164973837e-01 3.350649521526770092e-01 7.605605598510287724e-01
1.304343255250677291e-01 9.383691636704614147e-01 4.097715188454923996e-01 1.217881290757063972e+00
2.718900635766912099e-01 -6.377769115936160471e-01 8.541678263165949359e-01 -6.916085053734972732e-01
1.672692287964965274e-01 -7.750434884995560658e-01 5.254917803587038083e-01 -8.867839130417040083e-01
3.132838804025690482e-01 -8.347007580595833254e-01 9.842103371608142970e-01 -9.875891803266653168e-01
2.355567847356656586e-01 -4.060461701386994804e-01 7.400234644287995156e-01 -4.181233308081087618e-01
2.235118479400755032e-01 -1.276262793847111610e-01 7.021831794788201409e-01 -1.279753166070198844e-01
3.225837673096552116e-01 -3.336397777861315195e-01 1.013426793547332005e+00 -3.401619615638183380e-01
3.179946942021183443e-01 -7.094012368485413944e-02 9.990097951859078229e-01 -7.099975987978057734e-02
2.789517036223552182e-01 1.725875080856869026e-01 8.763526228063484025e-01 1.734559951221550933e-01
2.835664126020800424e-01 7.599849205205679858e-01 8.908501586355067614e-01 8.632899133852154350e-01
2.281024076206827900e-01 5.620329759471049957e-01 7.166048480472815285e-01 5.968416659095590049e-01
4.538739830830780253e-01 -9.280072300256079210e-01 1.425887170909335921e+00 -1.189027878327495236e+00
4.860245333521573396e-01 -7.869860399736408052e-01 1.526891103443544839e+00 -9.059085685535166466e-01
4.118492621162923584e-01 -2.995362008819466570e-01 1.293862616250921249e+00 -3.042064975775227165e-01
4.965907919308776286e-01 -3.898726174584850046e-01 1.560085983770382656e+00 -4.004932599958224704e-01
3.740503473346332708e-01 1.658497814609452004e-01 1.175113823259194445e+00 1.666196643167515978e-01
4.642953663495379413e-01 1.079348820805994258e-01 1.458626912019490129e+00 1.081455608993749790e-01
4.381943689868186276e-01 5.778710545768499518e-01 1.376628210453404444e+00 6.161176818454427995e-01
3.354162714245305654e-01 5.351609452162018332e-01 1.053741294201785195e+00 5.646982596915681718e-01
4.466668312581965061e-01 9.157252697287692200e-01 1.403245235682981873e+00 1.157309253450756081e+00
6.497590380470379401e-01 -7.145150542547722416e-01 2.041278220532145138e+00 -7.959307050845693121e-01
5.378735938895267132e-01 -2.010085192436106283e-02 1.689779731123276951e+00 -2.010220577613299614e-02
5.964642089043517004e-01 -3.580538700259043861e-01 1.873847576823159056e+00 -3.661827399280245254e-01
6.312364231490237287e-01 4.379070232107489247e-01 1.983087709643270857e+00 4.532692857130894981e-01
6.566640288861806951e-01 1.813405817156121813e-02 2.062970889025501187e+00 1.813505219823381698e-02
5.799731848851101823e-01 2.249659703701871738e-01 1.822039496914136913e+00 2.269081111654015215e-01
5.567216619698078794e-01 7.257693521739636555e-01 1.748992683338648435e+00 8.121520805964166367e-01
8.129183770292520705e-01 -9.965656697477618398e-01 2.553858401243235932e+00 -1.487895207077049919e+00
7.120221137425628566e-01 -8.589122859735245363e-01 2.236883441727111510e+00 -1.033141942064905505e+00
7.144190481733709852e-01 -5.379801873593847983e-01 2.244413633326074908e+00 -5.680391695962381249e-01
7.255978462591574640e-01 -2.867267684116263649e-01 2.279532863268345366e+00 -2.908083921489468260e-01
7.908697689547015131e-01 -4.637832055742774351e-02 2.484590656094347150e+00 -4.639496290178709431e-02
7.174849045261015856e-01 2.378506385257277422e-01 2.254045305120774945e+00 2.401523824485136682e-01
7.469744470574395390e-01 5.046426358981741522e-01 2.346689435294949888e+00 5.289679775688960195e-01
6.904579786617359716e-01 8.109614660103812156e-01 2.169137713376168008e+00 9.457935007834369356e-01
9.434419799581863497e-01 -7.526233970784974581e-01 2.963910393324847181e+00 -8.520372519078157625e-01
8.353947467520677073e-01 -4.296931685523832645e-01 2.624469999243801421e+00 -4.441529488367016998e-01
8.981866134166980320e-01 -3.800068801245570782e-02 2.821736466262593890e+00 -3.800983979083213254e-02
9.678530229615978087e-01 -2.625976958255060723e-01 3.040599946690829114e+00 -2.657133972973977354e-01
8.403589976984016108e-01 1.855885041130240776e-01 2.640065653547380542e+00 1.866707371191253517e-01
9.334049635941157330e-01 4.548191049762289051e-01 2.932378176451522211e+00 4.721690840027728542e-01
8.953121686700529214e-01 8.348101511075127767e-01 2.812706131763384132e+00 9.877878525117808062e-01
9.667838380920104058e-01 9.832836176338763945e-01 3.037241003359203884e+00 1.387694366111754229e+00
