-8.686139293997181543e-01 -7.642322574138653568e-01 -2.728831139407917661e+00 -8.698500821296384355e-01
-9.279574278203042148e-01 -8.703290173576463395e-01 -2.915264238084348314e+00 -1.055870021931297531e+00
-9.291632001597334156e-01 -5.234366271646617719e-01 -2.919052283607801002e+00 -5.508792713413609432e-01
-9.528428078296908854e-01 -1.251267946051217717e-01 -2.993443965103627757e+00 -1.254556291468669760e-01
-9.337821188833226316e-01 -3.338020956735334721e-01 -2.933563044737357295e+00 -3.403341507267325095e-01
-9.316430869928600256e-01 3.532227517660102567e-01 -2.926843077864485387e+00 3.610136797331401359e-01
-9.474468913260147840e-01 1.266131088857866960e-01 -2.976492193456295343e+00 1.269538593719949371e-01
-9.832331302322501188e-01 6.004228975121594925e-01 -3.088917978703733080e+00 6.440298355401055108e-01
-9.367614179951153641e-01 7.652065961454501686e-01 -2.942922788939811962e+00 8.713621779568584413e-01
-7.779520939824049464e-01 -8.885962234448741004e-01 -2.444008583299919657e+00 -1.094275636360086290e+00
-7.866233386758396673e-01 -5.258189246570648123e-01 -2.471250101926293574e+00 -5.536775920199713541e-01
-8.556720084738664855e-01 -1.184469451977621102e-01 -2.688172895703922372e+00 -1.187256706009079399e-01
-8.614757406367370418e-01 -3.865993257148105933e-01 -2.706405858030199063e+00 -3.969413541115445199e-01
-7.755112567914050903e-01 -3.201375984890744153e-01 -2.436340467112065866e+00 -3.258747261766080094e-01
-7.641750952354733339e-01 -7.078101749936660525e-02 -2.400726865248043573e+00 -7.084025272987323762e-02
-8.593324726945339442e-01 1.230617002242493374e-01 -2.699672583208299503e+00 1.233744477505982345e-01
-8.021168529610338549e-01 2.907186652390436610e-01 -2.519924412582948303e+00 2.949778587312901768e-01
-8.064161643910043864e-01 6.761554627404544604e-01 -2.533431097786838393e+00 7.425318807701387636e-01
-8.190579363975771798e-01 4.865658731059725461e-01 -2.573146395851044321e+00 5.081546220538371017e-01
-7.396688037351979439e-01 4.889990142789468752e-01 -2.323738079904048348e+00 5.109418381111127117e-01
-8.548296687283958306e-01 9.426006942125770838e-01 -2.685526607347724859e+00 1.230334926718785304e+00
-8.333054534202135599e-01 8.473943122157117092e-01 -2.617906290661254243e+00 1.011058438854292918e+00
-6.415430951312650620e-01 -8.076054318327352544e-01 -2.015467074625640009e+00 -9.400802560011634057e-01
-7.029745343673676761e-01 -6.829362700252876728e-01 -2.208459632829227637e+00 -7.517747764962553481e-01
-6.891637009030047167e-01 -4.325594097931191317e-01 -2.165071619877632969e+00 -4.473295752028335071e-01
-6.537374758013427822e-01 -4.724213597915838392e-02 -2.053776851353833699e+00 -4.725972630387327567e-02
-7.270554506345741075e-01 1.592833463110985281e-01 -2.284112062465994519e+00 1.599646887759119396e-01
-6.656588921486275012e-01 4.488441682611072903e-01 -2.091229085370848395e+00 4.654714774038398728e-01
-6.107889531263346328e-01 6.136445107438774915e-01 -1.918850088035493284e+00 6.606681023234125538e-01
-6.889633529752905439e-01 7.279220848823273471e-01 -2.164442208299764303e+00 8.152865216687857908e-01
-6.800796468171772524e-01 8.671750648451659327e-01 -2.136533222296784995e+00 1.049501472262357460e+00
-4.707361838157244627e-01 -9.779691610036902460e-01 -1.478861336854374375e+00 -1.360500294481383543e+00
-5.100923036126601140e-01 -8.928725968044337602e-01 -1.602502233682227217e+00 -1.103684533130252499e+00
-5.942537655343589353e-01 -5.255573955429901911e-01 -1.866903264170813426e+00 -5.533701556982374425e-01
-4.936526891946386719e-01 -5.886381809920835373e-01 -1.550855661798722362e+00 -6.293732128525209024e-01
-5.766438451219801919e-01 -7.002812658528134726e-01 -1.811580067572983399e+00 -7.757914236456334711e-01
-5.076437255662877845e-01 -1.785509904678603821e-01 -1.594809798880002738e+00 -1.795135794428510123e-01
-5.349098397167131314e-01 -3.947961154106223169e-01 -1.680468822786919780e+00 -4.058459298053491149e-01
-5.780954426379829592e-01 -2.131604161313318535e-01 -1.816140395665226892e+00 -2.148085846667385224e-01
-5.588777608689430298e-01 1.970350930279325397e-01 -1.755766267800584535e+00 1.983328046722765692e-01
-5.559764810777696464e-01 3.972133834569031574e-01 -1.746651628522625677e+00 4.084784080866419864e-01
-4.886296374465630699e-01 1.405549224716056145e-01 -1.535075279328366626e+00 1.410218789287894237e-01
-4.987129459715646806e-01 5.546692655946969808e-01 -1.566752927314390975e+00 5.879654300167274084e-01
-5.390323929892610888e-01 7.377473196227704033e-01 -1.693420205861988936e+00 8.297273215805589519e-01
-3.811186508130739448e-01 -8.282578955548298705e-01 -1.197319553540406645e+00 -9.759915289088437751e-01
-4.084604013310477733e-01 -6.840385454485096162e-01 -1.283216196103958318e+00 -7.532848213290018746e-01
-4.230220700984195226e-01 -1.608733412604614887e-01 -1.328963027727541268e+00 -1.615754558595954571e-01
-3.838131917525902104e-01 -3.304052503497976190e-01 -1.205784703560788040e+00 -3.367329066820038963e-01
-4.619733063047919419e-01 -3.785698990960852939e-01 -1.451331945241721710e+00 -3.882507089284096824e-01
-4.258691537507985903e-01 3.345737595296656153e-01 -1.337907404814010937e+00 3.411528866375582170e-01
-4.176238681781174744e-01 5.581156323696556676e-02 -1.312004076232126115e+00 5.584057878464108310e-02
-3.900197716983158092e-01 5.696237080019372900e-01 -1.225283249522197249e+00 6.060479538138052735e-01
-4.506287967911550840e-01 8.180588442388820880e-01 -1.415692117495100488e+00 9.580277382288674426e-01
-4.587389021311745196e-01 9.224008291061949194e-01 -1.441170764851144925e+00 1.174251054332987598e+00
-2.890046383719047096e-01 -9.364975695816679657e-01 -9.079348487625507058e-01 -1.212505544261236468e+00
-2.323168091558602821e-01 -8.229275592579468057e-01 -7.298447809494726934e-01 -9.665447804257711883e-01
-3.254554023620275238e-01 -4.488062791459359602e-01 -1.022448301131655857e+00 -4.654290778001838880e-01
-2.011438195820662855e-01 -6.868987942444682027e-01 -6.319119459140102313e-01 -7.572131926823322257e-01
-2.994015532636382648e-01 -6.843513424757461383e-01 -9.405977202064190745e-01 -7.537137221820936483e-01
-2.229857130280179511e-01 -2.364815119388468112e-01 -7.005302779043030004e-01 -2.387430461236953183e-01
-3.130104753137379348e-01 -1.386892523837026658e-01 -9.833514097422884070e-01 -1.391377532815248896e-01
-2.533615824690806928e-01 -1.198250912672627067e-02 -7.959588861867483711e-01 -1.198279588774645715e-02
-2.967624737396177270e-01 1.942765159696131505e-01 -9.323068073615169427e-01 1.955198597673694083e-01
-2.195858422897054574e-01 2.147242270303535427e-01 -6.898492689696655855e-01 2.164094619991091539e-01
-3.110548079899240204e-01 4.350763222758555759e-01 -9.772074996449290341e-01 4.501230404951929720e-01
-2.185869170008019058e-01 6.921914195631388989e-01 -6.867110526205610910e-01 7.645210590038804543e-01
-3.143588656470426290e-01 7.586672027929652895e-01 -9.875875029075699141e-01 8.612648665800700654e-01
-2.414717557600827291e-01 9.259455914511292018e-01 -7.586058939453047545e-01 1.183531795041225854e+00
-1.920014529742533060e-01 -4.580191329481198004e-01 -6.031903541424803450e-01 -4.757655745325908292e-01
-1.150017001907399639e-01 -6.281896100459454235e-01 -3.612884964695645684e-01 -6.792242207009928645e-01
-1.461883932422338717e-01 -2.286830756948921017e-01 -4.592643822498976847e-01 -2.307246959432729949e-01
-1.148139721003251790e-01 2.999251533198861175e-01 -3.606987312798450307e-01 3.046141943434483301e-01
-1.605683049784569771e-01 6.935718489020858968e-02 -5.044402073196858627e-01 6.941291179385457311e-02
-1.803845417087182046e-01 4.268942393369852262e-01 -5.666947510532707177e-01 4.410555512363655839e-01
-1.069973432666824209e-01 6.185864235797082777e-01 -3.361420675602347918e-01 6.669423347164961102e-01
-1.962535024743681245e-01 8.310829591830350971e-01 -6.165485616147411418e-01 9.810521090307532388e-01
-1.543100578388985067e-01 9.928552873145592983e-01 -4.847793440816995925e-01 1.451186655344507859e+00
-6.355889263437664027e-02 -7.733162243790390189e-01 -1.996761501704600594e-01 -8.840550651421806849e-01
-3.240265106643769322e-02 -9.176495998460376669e-01 -1.017959305471541342e-01 -1.162124912382596964e+00
-6.540960083155367144e-02 -4.305876083370427931e-01 -2.054903214466498318e-01 -4.451437302791095840e-01
3.841447316836577031e-02 -5.295765059700707766e-01 1.206826266972601258e-01 -5.581012385108966578e-01
3.316081433981388216e-02 -1.271982777977329615e-01 1.041777707170143535e-01 -1.275437980727988641e-01
-5.373484791317006959e-02 -1.541663868723526232e-01 -1.688130034457799022e-01 -1.547836980618684244e-01
-8.721963754219741460e-03 1.940349945093957640e-01 -2.740085725513319304e-02 1.952736531708533230e-01
1.372532004293258723e-02 4.402362178239720425e-01 4.311936461504575768e-02 4.558617398072459803e-01
-2.647892737361878801e-04 6.202148729533172311e-01 -8.318600371189845567e-04 6.690165952690703133e-01
-5.016979907236152059e-02 8.093268864498586179e-01 -1.576130721978069582e-01 9.430052074185063526e-01
1.444695945637470835e-01 -8.360275607544305210e-01 4.538646169485637261e-01 -9.900028835185399334e-01
9.989223118917367472e-02 -4.088392502855811017e-01 3.138206996546012428e-01 -4.211817931154033245e-01
1.680825485035206679e-01 -5.517029522352823179e-01 5.280468995753105910e-01 -5.844046718541928698e-01
9.759021962327940614e-02 -6.882007630131661280e-01 3.065887170307090570e-01 -7.590062000194879310e-01
1.644335174738016381e-01 -1.274774104111560113e-01 5.165831304996241213e-01 -1.278252216433265198e-01
1.091362030500975244e-01 1.844754915032968956e-01 3.428614937428703380e-01 1.855381677989484113e-01
1.555761678487592725e-01 4.314263145634713581e-01 4.887569459873146727e-01 4.460732006363575253e-01
8.050685130175683213e-02 5.639652010762068457e-01 2.529197326132451296e-01 5.991796278054797309e-01
6.773437508696988907e-02 7.568965719227402911e-01 2.127938151687201185e-01 8.585512848683461984e-01
1.892636746459663843e-01 8.239756300609846207e-01 5.945893698591767640e-01 9.683919724956270292e-01
2.593554820649499604e-01 -9.427450568397306441e-01 8.147892771234861442e-01 -1.230767515193041284e+00
2.668860928052785297e-01 -7.355838924400046608e-01 8.384473885023467910e-01 -8.265281964154609362e-01
2.479535434664521532e-01 -5.328382741670081302e-01 7.789690305857635000e-01 -5.619511105233059300e-01
3.096496492156495250e-01 -3.205507707594088540e-01 9.727930631625409941e-01 -3.263108834046973272e-01
2.205591089035661145e-01 -3.318609770179614671e-01 6.929068762137544635e-01 -3.382756700050527643e-01
2.398119185284828259e-01 7.923245675092216445e-02 7.533913614923556379e-01 7.931559250888871315e-02
2.332951808912160363e-01 4.819154102244300741e-01 7.329184264057462261e-01 5.028393996021447432e-01
3.092863201078590585e-01 4.220972714385846647e-01 9.716516311066710765e-01 4.357575407970039616e-01
2.400960152936293390e-01 6.992906412077386502e-01 7.542838778026484947e-01 7.744046785419862466e-01
2.564635515696376267e-01 9.405917764160371952e-01 8.057040095247206546e-01 1.224368998331164304e+00
3.371911818537840499e-01 -8.434184965522404376e-01 1.059317339767107846e+00 -1.003614667613170530e+00
3.527251679169702836e-01 -6.013897969256367659e-01 1.108118796264180084e+00 -6.452394890628347923e-01
4.540969645863712767e-01 -7.008166542625049455e-01 1.426587687961968554e+00 -7.765416831778173545e-01
4.081700464632604941e-01 -4.008696502562525410e-01 1.282304019384383764e+00 -4.124659089840694293e-01
3.367694402623457872e-01 -9.495007089715890025e-02 1.057992399481732182e+00 -9.509332348139094837e-02
4.583482316508291632e-01 -1.556578705051683276e-01 1.439943437340117649e+00 -1.562934066676348044e-01
3.803446419738960582e-01 9.117832240876366789e-02 1.194887933057432017e+00 9.130513234705808778e-02
3.974400909304081075e-01 3.208557297687948395e-01 1.248594869909029459e+00 3.266328487130306657e-01
3.758410080918326290e-01 5.277896880110259925e-01 1.180739349939083471e+00 5.559961748076170940e-01
4.043132466289327542e-01 8.156086529607013969e-01 1.270187525358493330e+00 9.537803500241643917e-01
4.752026932170796414e-01 -9.473629356558050940e-01 1.492893289976861659e+00 -1.244896235928226735e+00
5.720477116063489298e-01 -7.652223884994222569e-01 1.797140888285358340e+00 -8.713867088005138317e-01
5.948826343816551177e-01 -5.406844311771530354e-01 1.868878913921550700e+00 -5.712505088834077815e-01
5.105309786043585873e-01 -5.665559283020562553e-01 1.603880371813460881e+00 -6.023202397544381581e-01
5.284511350413092501e-01 -2.505301035631442019e-01 1.660178203626964777e+00 -2.532277824774837316e-01
5.785472749940621107e-01 -9.737252950248587169e-02 1.817559868875739282e+00 -9.752706121608789580e-02
5.384806875303058682e-01 1.727557992013679655e-01 1.691686972045189918e+00 1.736268526130092527e-01
4.683705321813664835e-01 5.592008122481995080e-02 1.471429423058922659e+00 5.594926651175127080e-02
5.168753381464570307e-01 6.041091338324133808e-01 1.623811765142649577e+00 6.486474807078733695e-01
5.824661933147250448e-01 4.333791885718929482e-01 1.829871513881952572e+00 4.482390171197733197e-01
4.991877513819602541e-01 4.261816925428612013e-01 1.568244572503574519e+00 4.402677450142932214e-01
5.433191542068633861e-01 7.981437210823663087e-01 1.706887463410901917e+00 9.242077697863988472e-01
5.236327210432301094e-01 9.119713808347245099e-01 1.645040709608645235e+00 1.148063956925783557e+00
6.767687197105587416e-01 -8.501584018942349719e-01 2.126131638022060955e+00 -1.016286063651990590e+00
6.641029009281604889e-01 -6.796893825037473302e-01 2.086340794783579256e+00 -7.473390784953972688e-01
7.124327070570120046e-01 -3.837348906012840732e-01 2.238173358667398194e+00 -3.938374405199044914e-01
6.549803288492106468e-01 -7.705071099375571109e-02 2.057681389358506863e+00 -7.712715465972576345e-02
6.186142488435233400e-01 -3.208950218923911635e-01 1.943433979572781078e+00 -3.266743345485044747e-01
6.225409298854815976e-01 2.276936753032481331e-01 1.955770011887187465e+00 2.297084848049341099e-01
6.951796373293053222e-01 2.312103961769229610e-01 2.183971241558962273e+00 2.333216060961857963e-01
6.847848113783074897e-01 6.871588864771804861e-01 2.151314932715962858e+00 7.575711357685225300e-01
6.870948466420911949e-01 4.942584751566718726e-01 2.158572122530199255e+00 5.169816255582727615e-01
8.310780650133873237e-01 -9.433753976025793797e-01 2.610908743605678151e+00 -1.232662588564450434e+00
8.055014150007140383e-01 -7.289090459620004570e-01 2.530557327822426483e+00 -8.167270561878990920e-01
7.714013809453270643e-01 -5.494899657702829732e-01 2.423428911346861003e+00 -5.817536615736805805e-01
7.860085798811224933e-01 -2.505302744287900563e-01 2.469318780213080267e+00 -2.532279589717456036e-01
8.616646967505288135e-01 4.398269648326169623e-02 2.706999481169138022e+00 4.399688943202524627e-02
7.822627717587169460e-01 5.150010100858359863e-03 2.457550976933974063e+00 5.150032866409855019e-03
8.096366111123538545e-01 2.570858361944905468e-01 2.543548429547906942e+00 2.600054680887616820e-01
7.674732782754314364e-01 4.762959704720246545e-01 2.411088412856570162e+00 4.964373355714417624e-01
8.555473305333576306e-01 6.643595212508481840e-01 2.687781208401955002e+00 7.266365639702522250e-01
7.771377259311524899e-01 8.351913940226558530e-01 2.441450170612786685e+00 9.884807081720753397e-01
8.307375951179649665e-01 9.945447903890030084e-01 2.609839125883450794e+00 1.466295831827198137e+00
9.941569528575655568e-01 -9.986513690036216140e-01 3.123236179612542074e+00 -1.518855317183914533e+00
8.889909015018284677e-01 -8.581257333918634878e-01 2.792847285266311541e+00 -1.031608047134313422e+00
9.732138403671857230e-01 -7.589589024097367354e-01 3.057441451269460320e+00 -8.617127336552099504e-01
9.020163450669673733e-01 -6.337948982983039325e-01 2.833767923080300566e+00 -6.864495406011213996e-01
8.675578850504064299e-01 -4.348277708481804726e-01 2.725513478238255072e+00 -4.498470113647660140e-01
9.879378830432923309e-01 -4.806633728695317576e-01 3.103698395571859336e+00 -5.014110489568209816e-01
9.506442938114159080e-01 -2.988424085556962151e-01 2.986537129615001174e+00 -3.034793996186643805e-01
8.718392364754785628e-01 -1.944264282484839956e-01 2.738963740422697857e+00 -1.956726861462882161e-01
9.786580128611805929e-01 4.527749034527639438e-02 3.074544823581470077e+00 4.529297482938264563e-02
8.940635966640049226e-01 2.963059021181473351e-01 2.808783627121705706e+00 3.008225327127539428e-01
9.849568400776878008e-01 2.902200386066862148e-01 3.094333172891080785e+00 2.944567647581369796e-01
9.124149884404042510e-01 5.108894558071812586e-01 2.866436224709589808e+00 5.362191488763378144e-01
8.674630304083132959e-01 9.385870570780474598e-01 2.725215483591496568e+00 1.218512246610717442e+00
9.107819626738116181e-01 7.849361629009612429e-01 2.861305922958139902e+00 9.025930868949865182e-01
