-8.975123994289475604e-01 -7.929156390390017517e-01 -2.819618360551729541e+00 -9.155791908492039166e-01
-9.305949195868856716e-01 -5.856201150538535849e-01 -2.923550162842144307e+00 -6.256448675588630604e-01
-9.915821199394025953e-01 -7.248835904894677107e-01 -3.115147103432620135e+00 -8.108653934174322453e-01
-8.877387835354879631e-01 -4.300136820367665980e-01 -2.788913640661828452e+00 -4.445079316194310293e-01
-9.543712477003538641e-01 -3.035633799929580157e-01 -2.998245700572756522e+00 -3.084302966058843909e-01
-8.726548448297011262e-01 -1.679523199881565176e-01 -2.741526049636529905e+00 -1.687521137579655883e-01
-9.698422959596975090e-01 1.828903250919844403e-02 -3.046849432127643809e+00 1.829005224184487507e-02
-8.691467371092418404e-01 2.055501294555426295e-01 -2.730505004193933605e+00 2.070258070208256529e-01
-9.969485996285671892e-01 4.042582109378531907e-01 -3.132006396599738451e+00 4.161676719530750246e-01
-9.217777362287822296e-01 4.422232695074721498e-01 -2.895850164378972469e+00 4.580759868230361853e-01
-9.591616834704650429e-01 6.962601679003452837e-01 -3.013295298395631594e+00 7.701740325376745799e-01
-9.786327714011355816e-01 8.425935769549721677e-01 -3.074465525196027116e+00 1.002081085191989462e+00
-7.494763646698803239e-01 -9.386124906949719904e-01 -2.354549441286081013e+00 -1.218585965547665850e+00
-8.092857786876601622e-01 -4.461375140464243216e-01 -2.542446256979848496e+00 -4.624448747135168625e-01
-8.219278407216312754e-01 -6.479064512901318018e-01 -2.582162466191998629e+00 -7.048327635870758057e-01
-8.054777783197757390e-01 -1.916773502865876111e-02 -2.530483070999235196e+00 -1.916890893366068188e-02
-7.396297558314059994e-01 -9.920020640963533864e-02 -2.323615407296357738e+00 -9.936363073898112075e-02
-7.523325710182697801e-01 1.572744961107497286e-01 -2.363522478167317420e+00 1.579301922372566835e-01
-7.873696869888862082e-01 3.482668429052557801e-01 -2.473594824303579909e+00 3.557215600148957990e-01
-8.350665590890853363e-01 5.748382809869128085e-01 -2.623438967292777591e+00 6.124064983399784001e-01
-7.388132511911837952e-01 4.914572423188006134e-01 -2.321050282317013380e+00 5.137622214232775431e-01
-8.411580728697962694e-01 8.297754063590931928e-01 -2.642576022235499700e+00 9.787051366175140155e-01
-7.195622125131793112e-01 -7.321355011421111225e-01 -2.260571360632221527e+00 -8.214517905173394086e-01
-6.376516266419323120e-01 -6.401571134289389953e-01 -2.003241665807875993e+00 -6.947027580036232441e-01
-6.013388843164275688e-01 -4.586155091849344334e-01 -1.889161821286371223e+00 -4.764365735025814508e-01
-6.992210902557742802e-01 -4.920663490724228595e-01 -2.196667840382586334e+00 -5.144617573726997239e-01
-6.080454320952277669e-01 -8.808084294302420680e-02 -1.910231062519198941e+00 -8.819513438750380130e-02
-6.770744044875551815e-01 -2.724271754321321293e-01 -2.127091975071787378e+00 -2.759147227285910220e-01
-6.885280315349220359e-01 4.321477096938775020e-02 -2.163074605660752603e+00 4.322823300151412695e-02
-6.802809379605425644e-01 3.185916294343535959e-01 -2.137165597074014212e+00 3.242433234529680797e-01
-6.018657355269156906e-01 1.481569823003170416e-01 -1.890816973178775617e+00 1.487044269967049137e-01
-7.332924480533189460e-01 7.248545196087978759e-01 -2.303706167737181953e+00 8.108231936164029818e-01
-6.473726850267327304e-01 6.661272777481748175e-01 -2.033781271414682568e+00 7.290042240420999686e-01
-6.077415799832794896e-01 8.161226088548587665e-01 -1.909276482956524523e+00 9.546691758545245987e-01
-6.607974743660873784e-01 9.609001892337234452e-01 -2.075956490979189883e+00 1.290235101676331153e+00
-4.848180641196382368e-01 -9.027270194344616527e-01 -1.523100868565880672e+00 -1.126066706401844142e+00
-4.804253670122244912e-01 -7.301397971973941914e-01 -1.509300803603784491e+00 -8.185265201789913014e-01
-5.502469877235656170e-01 -6.066881347613279907e-01 -1.728651894292266844e+00 -6.518877513183146677e-01
-4.889562630541148813e-01 -3.686237720543263929e-01 -1.536101403937525589e+00 -3.775280996035105807e-01
-5.531191497808385371e-01 -2.322436083023748932e-01 -1.737675057511314680e+00 -2.343837283352026568e-01
-5.288999991952794133e-01 6.787062967498869170e-03 -1.661588351955537224e+00 6.787115075376843470e-03
-4.727398036455003894e-01 2.636529439910944017e-01 -1.485155894192185411e+00 2.668071889255387297e-01
-5.546569336826432384e-01 2.992677222959032601e-01 -1.742506148120033016e+00 3.039251109617582824e-01
-5.341217167972194257e-01 7.206928788561948185e-01 -1.677992861612912501e+00 8.048012585843199451e-01
-5.739222288240228842e-01 5.549450555996913170e-01 -1.803029857805430458e+00 5.882969167685407896e-01
-5.186712258971648559e-01 9.077495272739026788e-01 -1.629453712906945073e+00 1.137888039554953989e+00
-3.823551602958104034e-01 -7.217692938610664743e-01 -1.201204162647465656e+00 -8.063552126140091092e-01
-4.431602917076140624e-01 -5.174482880030240040e-01 -1.392229116791350085e+00 -5.438662862751458826e-01
-3.493590706682641045e-01 -5.552553743694141897e-01 -1.097543889876375856e+00 -5.886699931553605047e-01
-3.500315574643553251e-01 -2.965558204085065874e-01 -1.099656569454612098e+00 -3.010842123757513367e-01
-4.288987989266046519e-01 -1.623848094206257198e-01 -1.347425315841306981e+00 -1.631070623844268208e-01
-3.976150914025917693e-01 2.610513805092895545e-02 -1.249144650106816412e+00 2.610810397445492703e-02
-4.344206644835812980e-01 5.520373868056682731e-01 -1.364772768109215439e+00 5.848057061837854675e-01
-3.827615117887364082e-01 4.156754863818461487e-01 -1.202480753512417344e+00 4.286853672301533802e-01
-3.517210262590433345e-01 6.905892074898403177e-01 -1.104964192208473195e+00 7.623034057743528491e-01
-4.163137271823751373e-01 8.080640316236138432e-01 -1.307888146904734983e+00 9.408583232123175488e-01
-2.316146064994364373e-01 -8.333822794481922092e-01 -7.276387462427202912e-01 -9.851993361021015305e-01
-2.341542376749683463e-01 -4.453189561085517667e-01 -7.356172328865989707e-01 -4.615304567661371316e-01
-2.847412980802455085e-01 -6.971722486351554782e-01 -8.945411702225207762e-01 -7.714454968936869106e-01
-2.524828391605096201e-01 -1.503208900096348888e-01 -7.931982326641503489e-01 -1.508928428801193933e-01
-3.162420725518253484e-01 1.118949669194690966e-01 -9.935037718848248600e-01 1.121297888952718369e-01
-2.992886735097088913e-01 3.236707743742543997e-01 -9.402430980007355776e-01 3.296065409226059395e-01
-2.662051339824349494e-01 5.845967878724733779e-01 -8.363080932671042023e-01 6.243829883092855138e-01
-2.258856386535781358e-01 4.255352421638607385e-01 -7.096406629455196402e-01 4.395532692229393579e-01
-1.816319069735672365e-01 -6.955771583288496984e-01 -5.706134646056635340e-01 -7.692229253591206239e-01
-1.429982609418818384e-01 -8.181001515474273234e-02 -4.492422860511322558e-01 -8.190154851971349903e-02
-9.609203127568832770e-02 -3.797632889743296492e-01 -3.018820195242231108e-01 -3.895404023718098685e-01
-1.899913539086401926e-01 1.204709120194924488e-01 -5.968754416849624267e-01 1.207642356606837414e-01
-1.034141284692093876e-01 2.931676403367944328e-01 -3.248850662762592933e-01 2.975383821666777728e-01
-1.397024613984645391e-01 6.017704028274872829e-01 -4.388882264178278758e-01 6.457159537144847583e-01
-1.995157366355777562e-01 7.825642928003038179e-01 -6.267971724898869779e-01 8.987741052136956066e-01
-1.047072517733114161e-01 9.455090125931084888e-01 -3.289475329486120092e-01 1.239154396883661802e+00
-5.881020400879366505e-02 -7.941117005222944059e-01 -1.847577048701431746e-01 -9.175446133921962844e-01
-3.168373547591873951e-02 -9.500718537436170230e-01 -9.953739060942862205e-02 -1.253466094261741715e+00
-2.693646219958423238e-02 -5.080151961198482446e-01 -8.462339175991298590e-02 -5.328789209161269858e-01
6.342363178456333905e-02 -4.029669059274458842e-01 1.992512156783682875e-01 -4.147563014855301100e-01
-1.043881344176078585e-02 -2.997288359343079911e-01 -3.279449962083006570e-02 -3.044084095376549670e-01
4.678729843916018538e-02 -7.753291448387145124e-02 1.469866330577788427e-01 -7.761080498812888973e-02
2.247340383165319366e-02 1.224328917611237078e-01 7.060228037867838369e-02 1.227408479685794668e-01
-4.091882136356295163e-02 2.999166385583640349e-02 -1.285502685893224473e-01 2.999616192655814306e-02
-2.833072284964166521e-02 3.322639646000784541e-01 -8.900359077532274399e-02 3.387028997176911860e-01
-8.883473327123247998e-03 5.215658257687427746e-01 -2.790825454285127127e-02 5.486851385159475791e-01
-2.819760214760136385e-02 7.094521039821219954e-01 -8.858537975575221657e-02 7.887204756893088087e-01
-4.291850099040228628e-02 8.486654546883445338e-01 -1.348324474145340957e-01 1.013457059352787404e+00
8.096122265783356475e-02 -7.491631910340610379e-01 2.543471823274974231e-01 -8.467978485441053360e-01
1.841853179232606497e-01 -6.697187224609180145e-01 5.786352416868161264e-01 -7.338299563566500483e-01
1.714494429771633577e-01 -1.022302551112233004e-01 5.386243105191185210e-01 -1.024091663004476627e-01
9.900754393603738990e-02 -2.116874722991752833e-01 3.110413726794237221e-01 -2.133012394443801196e-01
1.575064708572284644e-01 2.427233899800378403e-01 4.948211717379237817e-01 2.451722114846142386e-01
8.121830848135624947e-02 3.227703904102696697e-01 2.551548412620183726e-01 3.286550863039499615e-01
1.209688213805228951e-01 3.556923345639284584e-02 3.800347605624666003e-01 3.557673791970374089e-02
1.085835947701216941e-01 7.000593466445821367e-01 3.411254236301853870e-01 7.754806019201693212e-01
1.307192991943459948e-01 4.883693516247731292e-01 4.106667900313635267e-01 5.102201292239665342e-01
1.258088767561680310e-01 8.998846367208115371e-01 3.952402429735611955e-01 1.119504925755644642e+00
2.576129690536932415e-01 -9.382522248393037057e-01 8.093150110485374249e-01 -1.217543115242833096e+00
2.353293797568845047e-01 -8.385361227237284609e-01 7.393090506180709509e-01 -9.945908685575238772e-01
2.812313907845500616e-01 -5.719900629549876658e-01 8.835144712475827555e-01 -6.089299439253730295e-01
2.791243456884828777e-01 -1.866093081010296029e-01 8.768949938529956301e-01 -1.877096906202064541e-01
2.233235852135315724e-01 -3.809981169282006253e-01 7.015917346801648913e-01 -3.908755970540500058e-01
3.149740951887063378e-01 -3.798242832849580974e-01 9.895203035159320093e-01 -3.896063370936460046e-01
2.584785329527021780e-01 1.771603418044567224e-01 8.120342602348764594e-01 1.781003997416135132e-01
2.483013076213138604e-01 4.153142261896738408e-01 7.800615638998589230e-01 4.282882014735651111e-01
2.176073876941959639e-01 6.177704431543002972e-01 6.836337705469519577e-01 6.659042414733394866e-01
2.443753031178548252e-01 7.635355292430741070e-01 7.677276569938316086e-01 8.687704751678397841e-01
3.054401163201121427e-01 9.254377308802346214e-01 9.595684255428761356e-01 1.182189237328520326e+00
3.394874298882981645e-01 -7.499295221466379946e-01 1.066531215723157455e+00 -8.479555329184753631e-01
4.608462639640165115e-01 -8.469294073163406988e-01 1.447791237303656775e+00 -1.010183463351633115e+00
4.251339585893727513e-01 -6.445801828050061744e-01 1.335597721095920676e+00 -7.004740428419482523e-01
4.192439019502469666e-01 -3.296284834566549637e-01 1.317093562429215492e+00 -3.359100386040150266e-01
3.494253200759533939e-01 -4.626267657281890600e-02 1.097752018528877160e+00 -4.627919465490893530e-02
4.651528717752977382e-01 -7.600212483806356722e-02 1.461320844765470417e+00 -7.607548448893522441e-02
3.624487238369036302e-01 2.894896888216624831e-01 1.138666248109012180e+00 2.936936551214861524e-01
3.486858341885057389e-01 6.073563798777046330e-01 1.095428855097438259e+00 6.527286446451466828e-01
4.378666445189653977e-01 4.849232482216572215e-01 1.375598633672795224e+00 5.062754047647974875e-01
3.703280034489955241e-01 8.335051302985860833e-01 1.163419735053939919e+00 9.854216485897122624e-01
5.722993140083110220e-01 -7.660991709117641602e-01 1.797931320542988098e+00 -8.727497716484733381e-01
4.963561598288128707e-01 -9.490070417735825270e-01 1.559348865282239593e+00 -1.250071117118552344e+00
5.183731845545105354e-01 -5.744140107003528062e-01 1.628517388414396416e+00 -6.118880941487436775e-01
5.919955889284689299e-01 -1.361086022891337954e-01 1.859808993135241062e+00 -1.365323926333812110e-01
5.678410982927197814e-01 -4.031285432249271938e-01 1.783925422802768113e+00 -4.149329197258959656e-01
5.110172121054579186e-01 -2.753909033540586915e-01 1.605407919408443629e+00 -2.789963053817363647e-01
5.643111083710106168e-01 7.693320113301926888e-02 1.772835632397480543e+00 7.700929495761515975e-02
5.489876483889839509e-01 3.098460843438515244e-01 1.724695563090368422e+00 3.150311457502154577e-01
4.737465812052092939e-01 2.389208241713089986e-01 1.488318779177565832e+00 2.412543368953070366e-01
5.318458384779951587e-01 5.973502508258370369e-01 1.670842979004773410e+00 6.401930200822854022e-01
4.979774531458971421e-01 7.433147297789146624e-01 1.564442308456505781e+00 8.380119947674607994e-01
4.781119717919510848e-01 9.026431177449005805e-01 1.502033058174923941e+00 1.125871723054955753e+00
5.748933494797383581e-01 9.691024805280759047e-01 1.806080723323175485e+00 1.321565698482753515e+00
6.511690730231298740e-01 -8.763331368798012999e-01 2.045707976054340183e+00 -1.068196422730655071e+00
6.612592253709819179e-01 -6.484565852854893286e-01 2.077407124543954264e+00 -7.055552117113963462e-01
6.535905244172830475e-01 -4.088130363793422983e-01 2.053315189965236875e+00 -4.211530690815031841e-01
7.312221879290652371e-01 -3.508941235767575328e-01 2.297202253739806466e+00 -3.585257697698880919e-01
6.802820283097241738e-01 -1.024882677578082824e-01 2.137169022506993254e+00 -1.026685413159811044e-01
6.359991005988738788e-01 3.219445587449452084e-01 1.998050102131137873e+00 3.277826840349206683e-01
6.566445942960841275e-01 1.116993391501381883e-01 2.062909833460027986e+00 1.119329270079715694e-01
7.267988435095740218e-01 3.298913827725371561e-01 2.283305907407235491e+00 3.361885145212994419e-01
7.072552004136156700e-01 5.826686905718472254e-01 2.221907741832591654e+00 6.220085347256992803e-01
6.195411114448390322e-01 8.205312977764720461e-01 1.946345804311961691e+00 9.623398892838193053e-01
7.892054832965309519e-01 -9.265777740544776098e-01 2.479362148497163965e+00 -1.185209205165775881e+00
7.664186693753063384e-01 -8.178564485772890080e-01 2.407775261283526813e+00 -9.576759161313943558e-01
8.559961786600753797e-01 -6.167327832296516377e-01 2.689191306379429047e+00 -6.645853482012611391e-01
7.582554173247708640e-01 -5.559689341899489712e-01 2.382129648612163031e+00 -5.895282132298318434e-01
7.499201140470046489e-01 -1.285007778447455618e-01 2.355943521069289837e+00 -1.288570755291580938e-01
8.453383830598477644e-01 -4.035904439125763687e-01 2.655708854018292264e+00 -4.154377062824700650e-01
7.404265786076400513e-01 1.013067989160958415e-01 2.326118699876387641e+00 1.014808905614856538e-01
8.262238867766631412e-01 3.461544045932163360e-01 2.595658892917970029e+00 3.534689818158706087e-01
8.421598170477846423e-01 6.030736932860403243e-02 2.645723094385844298e+00 6.034398539155490238e-02
8.211568324719018541e-01 6.389753484670122052e-01 2.579740272338791218e+00 6.931654743049326939e-01
8.476714570237615654e-01 9.155047667300362235e-01 2.663038422043605191e+00 1.156760815002850329e+00
7.583482846014013568e-01 8.070927705993629075e-01 2.382421399766184056e+00 9.392114475737325385e-01
9.794266658616310739e-01 -9.970661491739392090e-01 3.076959618200845181e+00 -1.494176661830994401e+00
9.076846075429410021e-01 -7.655390746019374859e-01 2.851575294833438079e+00 -8.718787800589599124e-01
9.600321183619537901e-01 -9.124290646449237929e-01 3.016029850256160660e+00 -1.149180955244029079e+00
9.451808535788546184e-01 -5.574507453674011348e-01 2.969373225917059766e+00 -5.913120089624190889e-01
8.915645259259956656e-01 -1.124156210926652300e-01 2.800932564850374451e+00 -1.126537489000547093e-01
9.751826842302178111e-01 -2.620439230346642834e-01 3.063626756685627228e+00 -2.651395280088563178e-01
9.370516969422322262e-01 1.593950126209902063e-01 2.943834727147565999e+00 1.600778002090111340e-01
8.961794661948945251e-01 3.933634599365070095e-01 2.815430827295902994e+00 4.042871301664589523e-01
9.552222301448054509e-01 5.615204697015196977e-01 3.000919140768579574e+00 5.962221649480438090e-01
8.814373736590630504e-01 7.540074207179217058e-01 2.769117177686793774e+00 8.541417225301783933e-01
9.583421987000366737e-01 9.970952539777462320e-01 3.010720811061124991e+00 1.494557840834060514e+00
