-9.525026607511550836e-01 -8.374263374166384111e-01 -2.992375361540559719e+00 -9.925571709687004418e-01
-9.595314943449129164e-01 -9.052433547810005976e-01 -3.014457093522014741e+00 -1.131952115389223801e+00
-9.424664249194991683e-01 -5.825773343088955780e-01 -2.960845596782134770e+00 -6.218961298012183336e-01
-9.834751144154072477e-01 -6.468772571143925898e-01 -3.089678194435824476e+00 -7.034823935384384441e-01
-9.711939878430537743e-01 -3.933292282046954025e-01 -3.051095897418312664e+00 -4.042498970901637900e-01
-9.349447905175054530e-01 -1.839152639854302329e-01 -2.937215685401843412e+00 -1.849681877135803398e-01
-9.761677360525304881e-01 -2.191996226289840699e-01 -3.066721388254010083e+00 -2.209940670840541410e-01
-9.581461540232885099e-01 -5.806602904897761874e-03 -3.010104918544877606e+00 -5.806635535246858215e-03
-9.577957479914938066e-01 1.655739469366057648e-01 -3.009004085529617623e+00 1.663399626963641131e-01
-9.673721926773795055e-01 3.028119764380701184e-01 -3.039089373802305261e+00 3.076417781429361953e-01
-9.267488085878778925e-01 3.662228499257922376e-01 -2.911467248782770412e+00 3.749466112505636106e-01
-9.607808608171781728e-01 5.195112456738273377e-01 -3.018382094052924458e+00 5.462788498324712139e-01
-9.920773927212345189e-01 6.920113796958415886e-01 -3.116703048765546491e+00 7.642716273084591005e-01
-9.385105312650015019e-01 6.742278459345885100e-01 -2.948417790338782485e+00 7.399186648333669902e-01
-9.558028423498294845e-01 7.580946735577123174e-01 -3.002743187806467429e+00 8.603865002934641959e-01
-9.709992562832339136e-01 8.304186401030515530e-01 -3.050484130180560527e+00 9.798586734131476961e-01
-9.737326950236813161e-01 8.926166316219557029e-01 -3.059071481246587787e+00 1.103116432324716012e+00
-8.869274673989462343e-01 -9.606022930240853963e-01 -2.786364815847530263e+00 -1.289161256833377900e+00
-8.782078717590882100e-01 -8.417496994052882098e-01 -2.758971398243078799e+00 -1.000516056760692996e+00
-9.212727207116631067e-01 -7.490297482076342384e-01 -2.894263611340441855e+00 -8.465964135278344349e-01
-8.751544342292560952e-01 -6.886890543781289953e-01 -2.749378741331162779e+00 -7.596794373678501522e-01
-8.701096091027358259e-01 -4.912139441071374790e-01 -2.733529955775041653e+00 -5.134828798639087255e-01
-8.790173885277079435e-01 -5.944224132767563784e-01 -2.761514570176331951e+00 -6.365472030733001496e-01
-9.015747523964350307e-01 -3.635696427006411824e-01 -2.832380618790677040e+00 -3.720969106988744612e-01
-8.610374689455420061e-01 -6.072873528730049486e-02 -2.705028986904864485e+00 -6.076612509204036561e-02
-9.115406186871912730e-01 -3.042910083060679227e-02 -2.863689311116374814e+00 -3.043379865876236212e-02
-8.738228941664341054e-01 -2.123321395240356235e-01 -2.745195584851840565e+00 -2.139609024462401921e-01
-8.788544861246658790e-01 1.562732566307738491e-01 -2.761002797183683022e+00 1.569164168958386008e-01
-9.137536322254109500e-01 9.250854956257459349e-02 -2.870641698190340652e+00 9.264100572482139584e-02
-8.989175591236968632e-01 2.804387139112285432e-01 -2.824032799925874748e+00 2.842511333421296471e-01
-8.791121179637848559e-01 4.602966498677139029e-01 -2.761812171476790034e+00 4.783293231165661741e-01
-8.553587749401654339e-01 5.572279814386911223e-01 -2.687188843535588845e+00 5.910437107438769599e-01
-8.805859147840024992e-01 6.669487656141384058e-01 -2.766442240740069725e+00 7.301061957719768847e-01
-9.148959932396365513e-01 5.842972016195715490e-01 -2.874230531160379076e+00 6.240137814031386787e-01
-8.650619527882119630e-01 7.656840630556678295e-01 -2.717672275779487112e+00 8.721041612938271737e-01
-8.871567345963917717e-01 9.105551007141461373e-01 -2.787085079990734293e+00 1.144624891155113122e+00
-8.816243122618654393e-01 8.383746104665925625e-01 -2.769704462628030051e+00 9.942944996178074701e-01
-8.413205550506110963e-01 -8.966271001946151120e-01 -2.643086475061086738e+00 -1.112092323622884793e+00
-8.042132452512305019e-01 -7.237448542988280664e-01 -2.526510423200872157e+00 -8.092137817199781535e-01
-8.124391170313551847e-01 -4.869928559099476750e-01 -2.552352761554683713e+00 -5.086434264192118970e-01
-8.224461166141097124e-01 -5.899728800961867581e-01 -2.583790677928341495e+00 -6.310252521453658670e-01
-7.770935317596714409e-01 -5.591502991945860312e-01 -2.441311330528330270e+00 -5.933605565260974268e-01
-8.386147671261445780e-01 -3.283837967917413447e-01 -2.634585991595411070e+00 -3.345919721321649609e-01
-8.258231407590608253e-01 -1.298831903091819395e-01 -2.594399912173114942e+00 -1.302511711904186797e-01
-7.973648959768295796e-01 -2.405047839129221821e-01 -2.504995699431197487e+00 -2.428858659588231383e-01
-7.982273150758529834e-01 1.799425320329415268e-01 -2.507705068937005066e+00 1.809280293591771227e-01
-7.846031511901989663e-01 1.949823091173175094e-02 -2.464903495762530650e+00 1.949946659932926332e-02
-8.348204956205742544e-01 7.947416413177310623e-02 -2.622665936107785978e+00 7.955806451272574853e-02
-8.353408007969942428e-01 2.255129922333738435e-01 -2.624300523027651710e+00 2.274695603546396383e-01
-8.389321434018579549e-01 3.501391183546118668e-01 -2.635583058571615567e+00 3.577196195352176922e-01
-8.166519797157498761e-01 4.871116386030951428e-01 -2.565587860014560739e+00 5.087794309851900731e-01
-8.104429324701336590e-01 5.956267175704410555e-01 -2.546081562801940645e+00 6.380456394721841784e-01
-8.287391901302862962e-01 6.978038900234078135e-01 -2.603560951455262007e+00 7.723269435090155399e-01
-7.819791236215061225e-01 7.522332137780729511e-01 -2.456659870029908266e+00 8.514448750485205109e-01
-8.078169388455396227e-01 8.411808845500252652e-01 -2.537831760522542446e+00 9.994633021586791788e-01
-8.183590212387261698e-01 9.693127441679769696e-01 -2.570950689122515787e+00 1.322419579519849231e+00
-7.029442253021167542e-01 -9.845466287842310482e-01 -2.208364414092498507e+00 -1.394766004605843657e+00
-7.434645152159056192e-01 -9.452970672506331162e-01 -2.335662659206986014e+00 -1.238504064991838849e+00
-7.235707472089527581e-01 -8.965539329931464518e-01 -2.273164543784123470e+00 -1.111927108621168836e+00
-7.454579136389527516e-01 -7.924295531987473051e-01 -2.341925105048508371e+00 -9.147818680267622016e-01
-7.114719728514224961e-01 -6.249914445022979326e-01 -2.235155123145065481e+00 -6.751205731767011553e-01
-7.658789921360216191e-01 -6.557633515033709504e-01 -2.406079815233280517e+00 -7.151932834855583287e-01
-6.942370681898710760e-01 -5.166717935331786027e-01 -2.181010073275015060e+00 -5.429591125917744288e-01
-7.512922740601031268e-01 -4.583652936448470161e-01 -2.360254288885989649e+00 -4.761550209855666682e-01
-7.607555268210541843e-01 -3.253916194698442954e-01 -2.389983974238856668e+00 -3.314258568254659365e-01
-7.063151518260528672e-01 -3.468277102754768748e-01 -2.218954492095887243e+00 -3.541867509665455049e-01
-7.003208772888540601e-01 -5.403452403130937221e-02 -2.200122923246222939e+00 -5.406085300729900761e-02
-7.511885667110618225e-01 -1.923468723548826809e-01 -2.359928482640118119e+00 -1.935531179320786055e-01
-7.042750793441159285e-01 -2.233192448543557251e-01 -2.212545415373843305e+00 -2.252183928311994876e-01
-7.458592447298111328e-01 -1.475091058790090059e-02 -2.343185923855206187e+00 -1.475144558049330812e-02
-7.169373500330393778e-01 6.727308890947547582e-02 -2.252325111947930392e+00 6.732393514510162658e-02
-7.473310508604880109e-01 2.280114612721519940e-01 -2.347809739182848965e+00 2.300348557530918214e-01
-7.627272814372090259e-01 4.219721345811768831e-01 -2.396178424055650513e+00 4.356195089605918169e-01
-7.257539832192947404e-01 3.308513129180616907e-01 -2.280023381995266440e+00 3.372055502277033767e-01
-6.932043112502785931e-01 4.934363287650789243e-01 -2.177765571660647659e+00 5.160361390552788974e-01
-7.539310141099093698e-01 5.734867634948057624e-01 -2.368544135241193782e+00 6.107557720488335784e-01
-7.094461236322369135e-01 6.350562726007114023e-01 -2.228790730120791430e+00 6.880813658624317375e-01
-7.250582210029099528e-01 7.241398442065962726e-01 -2.277837580527626749e+00 8.097863466737716953e-01
-7.208374997413651286e-01 8.293625727400861791e-01 -2.264577793619507062e+00 9.779658268782275288e-01
-7.525395871900864009e-01 8.958134794608818563e-01 -2.364172838651871000e+00 1.110258227080441751e+00
-6.726693420686082892e-01 -8.472446219359539565e-01 -2.113253063337819260e+00 -1.010776580588526485e+00
-6.313655126055728317e-01 -9.096976443776239041e-01 -1.983493256131621418e+00 -1.142555388310992903e+00
-6.175876037742173974e-01 -7.242965146091813189e-01 -1.940208678965205324e+00 -8.100135465217164210e-01
-6.677521751600656863e-01 -7.708994233637882498e-01 -2.097805327901467010e+00 -8.802520107553292172e-01
-6.489352586506380582e-01 -6.067501789616134289e-01 -2.038690241232236744e+00 -6.519658025587288241e-01
-6.575340329366607950e-01 -4.296286272094036462e-01 -2.065704087359082397e+00 -4.440814737147892322e-01
-6.621468187860102272e-01 -2.693180212622210412e-01 -2.080195581495981827e+00 -2.726848175473967628e-01
-6.491873334404814067e-01 -1.065163017284831426e-02 -2.039482157540163598e+00 -1.065183160053331801e-02
-6.340927964623290780e-01 -1.538199556581996141e-01 -1.992061271060260985e+00 -1.544330846987482520e-01
-6.814176726245047000e-01 2.060051757486371926e-01 -2.140736754343398829e+00 2.074908048427007434e-01
-6.175552908967061327e-01 9.986752805438103842e-02 -1.940107165066599526e+00 1.000342827371154264e-01
-6.759487974942679500e-01 3.255275109794288912e-01 -2.123555776410846807e+00 3.315695728144189003e-01
-6.155410866917643276e-01 4.174309580125425967e-01 -1.933779355933524791e+00 4.306163431341635817e-01
-6.387192112181929726e-01 5.106629090748222577e-01 -2.006595581669742501e+00 5.359556347241986041e-01
-6.652250288922809673e-01 6.832535583182617334e-01 -2.089866063752047864e+00 7.522092218452786083e-01
-6.307636087030867866e-01 7.746729895347534978e-01 -1.981602319253404243e+00 8.861978056907854340e-01
-6.414530010443963981e-01 8.703525064744510598e-01 -2.015184035704201460e+00 1.055917720416373884e+00
-6.156869641467126453e-01 9.439810519113556175e-01 -1.934237643474314705e+00 1.234493114976087824e+00
-5.947346062664073951e-01 -9.569230344371979502e-01 -1.868413869882163514e+00 -1.276212420244066781e+00
-5.800938855746757827e-01 -8.605009792703777194e-01 -1.822418689313759499e+00 -1.036252232438214849e+00
-5.360077692618661072e-01 -7.040470240819156622e-01 -1.683918070180131510e+00 -7.810803218490615096e-01
-5.837986795182517064e-01 -6.362304239269018780e-01 -1.834057642749961525e+00 -6.896023214855158123e-01
-5.941208143817082732e-01 -5.122441981364989072e-01 -1.866485585806359815e+00 -5.377958179215162060e-01
-5.888715718996444526e-01 -3.487684225353970824e-01 -1.849994604187796599e+00 -3.562566911877483311e-01
-5.529865848004471562e-01 -2.599311815046188023e-01 -1.737258592342793895e+00 -2.629509340382762406e-01
-5.523880365277824556e-01 -4.054493387379538571e-01 -1.735378197486571628e+00 -4.174703317397638336e-01
-5.788700448220691630e-01 -7.534657629392382816e-02 -1.818573880196206805e+00 -7.541805079775505682e-02
-6.036022769643021313e-01 -2.398676093137090959e-01 -1.896272479001123168e+00 -2.422294767576151087e-01
-5.704899347683547450e-01 1.325045569406999579e-01 -1.792246988015183451e+00 1.328953933499305573e-01
-5.668105414092203809e-01 4.463025032117611257e-01 -1.780687832868459886e+00 4.626292359505861373e-01
-6.106644174399946667e-01 2.902052291195249545e-01 -1.918458847638178089e+00 2.944412892384515867e-01
-5.522570026953816935e-01 2.784187584697976892e-01 -1.734966542561329650e+00 2.821473773300542942e-01
-5.727687053799237482e-01 5.573975025317521315e-01 -1.799405957027705005e+00 5.912478785755228561e-01
-5.666882587552586337e-01 7.628991394911699420e-01 -1.780303670581112385e+00 8.677855677864115824e-01
-6.032829479405366069e-01 6.834320283832806542e-01 -1.895269277285983378e+00 7.524536686785965323e-01
-5.574788395497984883e-01 8.796520990116751815e-01 -1.751371426861410008e+00 1.075130233000064495e+00
-5.055188396196386158e-01 -8.947880631999824974e-01 -1.588134272800293623e+00 -1.107956304849229801e+00
-5.299483952217207694e-01 -7.889863813942248338e-01 -1.664881985210258097e+00 -9.091575042876457458e-01
-4.898756086974018764e-01 -6.592454822914721735e-01 -1.538989613456585914e+00 -7.198148745395632764e-01
-5.299901012863010852e-01 -5.565568353712622152e-01 -1.665013008676353934e+00 -5.902356701452682319e-01
-4.842025696200318308e-01 -4.210364039276117687e-01 -1.521167235567592257e+00 -4.345876348287854851e-01
-5.219381689102926547e-01 -1.200767348345859187e-01 -1.639717117076683994e+00 -1.203671761207458918e-01
-4.694805201671168327e-01 -1.285102387245717903e-01 -1.474916553160529054e+00 -1.288666155068942110e-01
-5.070509360938777466e-01 -2.383217966665065468e-01 -1.592947495828354043e+00 -2.406374903460964665e-01
-5.035639701224470244e-01 1.948661734456758055e-02 -1.581992869149189573e+00 1.948785082522197856e-02
-5.173509486075349439e-01 1.867248689735163669e-01 -1.625305939473142391e+00 1.878273190203890997e-01
-5.276487365052471290e-01 3.890208360882758676e-01 -1.657657394280820817e+00 3.995684650896146883e-01
-4.713590047939142380e-01 2.489619449314588451e-01 -1.480817986663957031e+00 2.516083046173195892e-01
-5.080038303277154554e-01 5.094590914264029990e-01 -1.595941101353026692e+00 5.345560714827788384e-01
-5.259058966810361557e-01 6.507957045733958612e-01 -1.652182101492695843e+00 7.086319765601406528e-01
-4.619618570061576612e-01 5.294450587837760125e-01 -1.451295976209243443e+00 5.579462854405036198e-01
-4.773848586211344447e-01 7.986122373692003951e-01 -1.499748764779158083e+00 9.249858337330769675e-01
-4.936523330018158795e-01 9.636358357039231937e-01 -1.550854542785967016e+00 1.300290434643724069e+00
-4.271954682135086223e-01 -9.256949904373847904e-01 -1.342074144586410611e+00 -1.182868766028358110e+00
-4.494702830190051568e-01 -7.257891620147756129e-01 -1.412052539139431628e+00 -8.121808769973625219e-01
-3.924674270387109587e-01 -8.019329413902802628e-01 -1.232972785558102524e+00 -9.305237414973615007e-01
-4.291458370082703588e-01 -5.597389684913920416e-01 -1.348201408863825002e+00 -5.940707655377335250e-01
-4.046251751770557625e-01 -4.367124898799916721e-01 -1.271167477793721412e+00 -4.519410093402251860e-01
-4.507803450720060390e-01 -2.526033305040853438e-01 -1.416168220460886085e+00 -2.553699004978046694e-01
-4.465333499424046781e-01 -3.689573760093984856e-01 -1.402825891761898758e+00 -3.778870016655170860e-01
-4.139951212525625479e-01 -1.672930495458411215e-01 -1.300604031549066120e+00 -1.680833815601236181e-01
-4.331483214514890712e-01 1.683097181920656382e-01 -1.360775584586748188e+00 1.691146731206255027e-01
-4.518485924357367178e-01 3.942786176987445046e-02 -1.419524218530999082e+00 3.943808439444216468e-02
-3.833644867971128800e-01 9.592482024544879415e-02 -1.204375055369031111e+00 9.607254258448778839e-02
-3.948621262879419280e-01 2.150130427805094779e-01 -1.240495955127043581e+00 2.167051849638258754e-01
-4.236942109281569557e-01 3.118766434769304485e-01 -1.331074620420422239e+00 3.171675531289496752e-01
-4.404506676745669758e-01 4.268820282483261064e-01 -1.383716581835138904e+00 4.410420479424398965e-01
-4.553230517678772404e-01 6.476097356754713097e-01 -1.430439554444048245e+00 7.044432943390241952e-01
-4.076444415383979614e-01 5.175729386673160182e-01 -1.280652782813744839e+00 5.440119612149226791e-01
-3.975327819244789396e-01 6.448511341500318128e-01 -1.248886067255056354e+00 7.008284952010358504e-01
-3.784171954827522111e-01 7.726974471326748528e-01 -1.188832681320666884e+00 8.830796874134327901e-01
-4.476336106584859476e-01 9.243372535309994920e-01 -1.406282462744573136e+00 1.179295059956655622e+00
-4.167382501914773663e-01 8.475210750868646947e-01 -1.309221825271410511e+00 1.011297225299933711e+00
-3.158322430471365294e-01 -9.419379261015208282e-01 -9.922162545236701270e-01 -1.228355655717995099e+00
-3.677504337759549546e-01 -8.698318203434727280e-01 -1.155322061104999909e+00 -1.054861323709766596e+00
-3.237768873752790988e-01 -7.681237419098971841e-01 -1.017175090780346736e+00 -8.759057057845657246e-01
-3.490519059042114236e-01 -6.890435323698291814e-01 -1.096578903310186259e+00 -7.601684478033688963e-01
-3.738094136270351253e-01 -6.063624449572990738e-01 -1.174356907693401952e+00 -6.514781116782790704e-01
-3.031979916531613028e-01 -5.364952916278475925e-01 -9.525245831607509484e-01 -5.662786267566631837e-01
-3.728137484689750814e-01 -3.167258630376077466e-01 -1.171228933347405077e+00 -3.222756407338394080e-01
-3.574768430999091251e-01 -4.527532230952659997e-01 -1.123046624111145642e+00 -4.698507604603970322e-01
-3.676788562399602167e-01 -1.702541207670038581e-02 -1.155097193643756626e+00 -1.702623469487670252e-02
-3.290004835041155928e-01 -1.759349257976607905e-01 -1.033585502004019441e+00 -1.768554277492412896e-01
-3.280457680393105147e-01 -2.566092520766738438e-02 -1.030586174913519226e+00 -2.566374225667632583e-02
-3.737940127007557400e-01 -1.822797860397575853e-01 -1.174308524256544084e+00 -1.833045859636974473e-01
-3.420275413550100119e-01 1.067273040237632920e-01 -1.074511211246278686e+00 1.069309664584464220e-01
-3.181289028769052063e-01 2.824201831109016680e-01 -9.994314241726661718e-01 2.863160634920248193e-01
-3.751719147645098396e-01 4.269367453144770064e-01 -1.178637331257400112e+00 4.411025559647273053e-01
-3.002444923234683927e-01 4.393327510847759854e-01 -9.432458913642053355e-01 4.548557678153545281e-01
-3.656762049546249393e-01 3.052375524386303773e-01 -1.148805679078045205e+00 3.101878767963557326e-01
-3.649557347782499406e-01 5.650826962495565375e-01 -1.146542255264815013e+00 6.005334838549225562e-01
-3.151770301123595353e-01 5.647486391519878079e-01 -9.901578423812377183e-01 6.001286390980639096e-01
-3.463335742002380258e-01 6.880747154070969707e-01 -1.088039012398963390e+00 7.588324802465727936e-01
-3.380501661336372532e-01 8.832679252114474799e-01 -1.062015918470243792e+00 1.082786900014026443e+00
-3.475996981585978141e-01 9.438841659725387689e-01 -1.092016658125080530e+00 1.234199644095470116e+00
-2.688908756960453061e-01 -8.315444330061707578e-01 -8.447455997040221876e-01 -9.818823915304516481e-01
-2.905114788736897768e-01 -8.920487123982709932e-01 -9.126687278130901637e-01 -1.101858242343725536e+00
-2.512393011751714589e-01 -7.530761814671558252e-01 -7.892915428649521781e-01 -8.527251730291458554e-01
-2.540406779023145489e-01 -5.845352625906408139e-01 -7.980923274108823184e-01 -6.243071571951838150e-01
-2.842095075568613627e-01 -6.656655403703475304e-01 -8.928705010210084003e-01 -7.283853097836212598e-01
-2.521105131020464629e-01 -2.622142443271218148e-01 -7.920285358541424570e-01 -2.653160207552323069e-01
-2.956484164233050826e-01 -2.433188168808178009e-01 -9.288068930809111334e-01 -2.457860403718108988e-01
-2.470482165258924834e-01 -4.312414395810117984e-01 -7.761248621202043729e-01 -4.458682831624771747e-01
-2.934770506947708135e-01 -3.620770152529984021e-01 -9.219853464598912751e-01 -3.704951347137898643e-01
-2.806299136246952486e-01 -1.053139258861301997e-03 -8.816248750208808271e-01 -1.053139453534594674e-03
-2.455520438062641642e-01 -1.172573508938385967e-01 -7.714244968957185700e-01 -1.175277279439814748e-01
-2.721668429772492459e-01 1.341439395345365160e-01 -8.550373544480529553e-01 1.345495436135500655e-01
-2.299026803909245409e-01 1.981084069824965432e-01 -7.222605717567307515e-01 1.994277008101866255e-01
-2.603561592222947141e-01 3.546620836335123705e-01 -8.179329971296155355e-01 3.625526325011269035e-01
-2.538898438274006519e-01 6.199588475950406075e-01 -7.976184681892217743e-01 6.686902542382153758e-01
-2.974571414233775357e-01 7.536320007111616537e-01 -9.344891702535029765e-01 8.535703776628903450e-01
-2.353410362305676795e-01 8.026030014388050304e-01 -7.393456705101607573e-01 9.316461880680361185e-01
-1.472893053175041711e-01 -8.542604446458299527e-01 -4.627229995378151495e-01 -1.024126527058297320e+00
-1.697689223948690707e-01 -9.100868344168557833e-01 -5.333447994035763751e-01 -1.143493547273967570e+00
-1.507606332661388659e-01 -7.801930433590669178e-01 -4.736284979194468336e-01 -8.949743611951704869e-01
-1.821349988624563210e-01 -6.930199466687192444e-01 -5.721939743878781126e-01 -7.656696912298115443e-01
-2.014286828119162820e-01 -5.701715987300954858e-01 -6.328068701441847965e-01 -6.067147181994461125e-01
-1.546360250389882118e-01 -5.268179620890014458e-01 -4.858034002428126552e-01 -5.548525328624218655e-01
-1.941876479854305337e-01 -3.319016724865455625e-01 -6.100584883289092986e-01 -3.383188106350705215e-01
-1.537982594389837310e-01 -3.996172683337448905e-01 -4.831714819884083689e-01 -4.110992896186987378e-01
-1.913748499220209176e-01 -1.656623297345536372e-01 -6.012218225968700702e-01 -1.664295831567112194e-01
-1.454360987577592024e-01 -2.283850361612214108e-01 -4.569009794241359335e-01 -2.304185546604936019e-01
-1.623323581142144256e-01 -6.513118042668630814e-02 -5.099821436915235040e-01 -6.517731706438802119e-02
-2.142681544868152432e-01 -3.913883808757034899e-02 -6.731432600340215844e-01 -3.914883744467472643e-02
-1.678316536884667531e-01 8.097080306838022601e-02 -5.272586902675134857e-01 8.105954288350293580e-02
-2.159071265154424157e-01 8.370574189437940404e-02 -6.782922425185958781e-01 8.380380087924993449e-02
-1.912635481917044356e-01 4.211399297442328660e-01 -6.008721578985760647e-01 4.347017732708532423e-01
-1.880484235050918773e-01 2.713027011524882237e-01 -5.907715458027388289e-01 2.747462378752282275e-01
-1.510783791848262503e-01 3.763349832826150543e-01 -4.746267261633032586e-01 3.858372675601034474e-01
-1.667978823896238971e-01 6.450451791508164945e-01 -5.240110019495767268e-01 7.010824055887964201e-01
-1.695132999873547597e-01 5.354638388017658457e-01 -5.325417379260364292e-01 5.650568604124096561e-01
-2.208987905884869374e-01 5.218936426927185401e-01 -6.939740176996607168e-01 5.490693991742270352e-01
-1.630541039608246479e-01 7.345483827351992900e-01 -5.122495751409931186e-01 8.250008849498845498e-01
-2.119436366075593270e-01 9.350353706439520352e-01 -6.658405717414130898e-01 1.208358812212043443e+00
-1.899719502147108052e-01 8.700030622574876915e-01 -5.968144831826613927e-01 1.055208531406885752e+00
-1.405197284419268389e-01 -9.773483321505931354e-01 -4.414557465575900674e-01 -1.357546686511845513e+00
-7.168606778027375448e-02 -8.222716965017715651e-01 -2.252084239032479951e-01 -9.653913530812426869e-01
-9.280779776857972507e-02 -7.122915225572716835e-01 -2.915642956656172569e-01 -7.927576422372386578e-01
-1.160668259183696982e-01 -6.093062461124640894e-01 -3.646346876306356122e-01 -6.551853775106222244e-01
-9.084545372613384018e-02 -5.218556977369392946e-01 -2.853994100380535803e-01 -5.490249162088811641e-01
-9.659828705230122381e-02 -4.147580797026428900e-01 -3.034724689528675579e-01 -4.276769204295655102e-01
-1.170738042820389513e-01 -3.151504774443611989e-01 -3.677982034602628181e-01 -3.206152071261776371e-01
-1.077354857454388970e-01 -1.823680941996439486e-01 -3.384610105487987353e-01 -1.833943995322395437e-01
-1.223165135338803999e-01 -5.785487332546757067e-02 -3.842686603307551851e-01 -5.788719721038725757e-02
-9.594020239242406767e-02 2.014379874582359342e-01 -3.014050350199573569e-01 2.028257810255733040e-01
-1.362482407689489250e-01 2.408475648708303662e-01 -4.280364722642632791e-01 2.432390279494446306e-01
-7.784340514997634131e-02 9.031511020384130894e-02 -2.445522697495795539e-01 9.043834374886289273e-02
-1.104666732492993741e-01 4.285000242295613493e-01 -3.470412891465030070e-01 4.428320154305193102e-01
-7.204076413988591554e-02 3.447086801442416082e-01 -2.263227353808605902e-01 3.519284266786059101e-01
-1.227620863825769071e-01 5.462679368791192314e-01 -3.856684687188591809e-01 5.779021236029197039e-01
-7.974985874914897188e-02 7.074453442890045185e-01 -2.505415703711501019e-01 7.858770786268657327e-01
-9.394215661917648674e-02 8.592778903512392485e-01 -2.951279890971866271e-01 1.033856269954354978e+00
-9.382101286176891541e-02 9.278572902644068865e-01 -2.947474047588867219e-01 1.188625624175152051e+00
-6.132162211018288289e-02 -9.490269615435984463e-01 -1.926475575275599650e-01 -1.250134309368950980e+00
2.650468331508726294e-03 -8.952633747333840208e-01 8.326691838840211482e-03 -1.109021991713557309e+00
6.385430634270328198e-04 -6.714381658910955064e-01 2.006042197063087618e-03 -7.361477714357271829e-01
-3.150054041600558463e-02 -7.614093062135949275e-01 -9.896186635503151363e-02 -8.654842929699065879e-01
-5.263698418197515494e-02 -6.385285624236554103e-01 -1.653639628132153039e-01 -6.925847897791355123e-01
-2.711682078569488397e-02 -4.983722964117169862e-01 -8.519000496905004827e-02 -5.217202829414570031e-01
-3.681738546151769320e-02 -3.300808161519812600e-01 -1.156652276902876419e-01 -3.363891884950243605e-01
6.709227605080192447e-03 -3.129018401651670889e-01 2.107766015538177495e-02 -3.182467596483532501e-01
-7.844512710937445732e-03 -1.798041939501839881e-01 -2.464426350367283219e-02 -1.807873975396647737e-01
-5.154515822439709183e-02 -1.041231978940773129e-01 -1.619338904058894024e-01 -1.043122661459666839e-01
-5.992202637847077185e-02 -2.278236085661948795e-01 -1.882505978588175644e-01 -2.298419251993150947e-01
-2.836606441893874120e-03 -1.036454032106548517e-02 -8.911461958979276926e-03 -1.036472589624133980e-02
-4.251619160051567370e-02 1.727881336535719292e-02 -1.335685551907961066e-01 1.727967326713128124e-02
-4.627579451946295386e-02 2.244948803546913396e-01 -1.453796961013756328e-01 2.264246548020309724e-01
-4.794932508219873490e-02 4.398714197868784925e-01 -1.506372474228243608e-01 4.554554929700894705e-01
-3.257705050253245638e-02 5.922545124124498628e-01 -1.023438225343796387e-01 6.338539994211191964e-01
-1.725051298826629775e-02 7.305762946570295568e-01 -5.419408487459270729e-02 8.191655483910836866e-01
-5.527078249348305050e-02 7.920500981734630574e-01 -1.736382842396856918e-01 9.141600244698977473e-01
-2.585079546225510505e-02 8.910863118150433859e-01 -8.121266911367300279e-02 1.099733206426220411e+00
6.161852941250978155e-02 -8.390719372346973071e-01 1.935803193273473166e-01 -9.955750378264864864e-01
6.477541852086443619e-02 -6.758795763994687178e-01 2.034979789583519494e-01 -7.421574856597871195e-01
3.093797088486427427e-02 -4.747378723014472612e-01 9.719450204886451172e-02 -4.946661784633156200e-01
4.242886054939276619e-02 -5.884930217567720945e-01 1.332941966021581048e-01 -6.291936602118062272e-01
6.592316179663981757e-02 -2.742094647435160404e-01 2.071037208017349474e-01 -2.777675617144468867e-01
2.963723213872881956e-02 -8.277463403896856420e-02 9.310811075976577200e-02 -8.286945033824247298e-02
8.748444796112098132e-02 -1.266716869008219781e-01 2.748404990180162155e-01 -1.270129128598758428e-01
6.381811910979995339e-02 2.232589719579385346e-01 2.004905341612659153e-01 2.251565587645128763e-01
1.229228911581570216e-02 1.603931214602314359e-01 3.861736518204838403e-02 1.610889179540469507e-01
7.402938028603034404e-02 8.473851910020280265e-02 2.325701572563979858e-01 8.484026066928361531e-02
3.562290616709962165e-02 5.825904650844915267e-02 1.119126603140787046e-01 5.829205327815087379e-02
1.203760959762556482e-02 3.480547914690290678e-01 3.781726587868246281e-02 3.554953560891356279e-01
5.755630623204921470e-02 3.742088294740235632e-01 1.808184688263702322e-01 3.835434703675265622e-01
7.738974079078064783e-02 4.824420507999163110e-01 2.431270411315348268e-01 5.034405374860381199e-01
3.429037331384932052e-02 6.476341527909377227e-01 1.077263848916405198e-01 7.044753394032025051e-01
3.677012363635245862e-02 5.359405705446189661e-01 1.155167502875532881e-01 5.656214362249137872e-01
6.636073857200086579e-02 7.283498455993433485e-01 2.084784087845907297e-01 8.159105956790416725e-01
1.808433632393069423e-02 8.034270155106946198e-01 5.681361814030771312e-02 9.330288582952398491e-01
5.730703162218109270e-02 9.158516718364808629e-01 1.800353495432820972e-01 1.157623952036243464e+00
1.385682782682313707e-01 -9.724595236289417244e-01 4.353250850280618311e-01 -1.335561014663195545e+00
1.250030195623246243e-01 -9.345422045854716586e-01 3.927085679335402535e-01 -1.206970407686458246e+00
1.340016381509037124e-01 -8.701939499908986075e-01 4.209785619838768422e-01 -1.055595823593000082e+00
1.377096427251918165e-01 -7.375294404414243221e-01 4.326276019139377316e-01 -8.294046312950651423e-01
9.137225304866314346e-02 -5.888383351199133475e-01 2.870543989196276957e-01 -6.296208291478720964e-01
1.395167654054902950e-01 -6.340399256389019911e-01 4.383048452504988979e-01 -6.867663586864067859e-01
1.490892343405365583e-01 -4.810253322591833136e-01 4.683776433335567480e-01 -5.018238647986652534e-01
1.660951509238794976e-01 -2.783060304777136285e-01 5.218033059393477613e-01 -2.820300105472657304e-01
1.035309517474118923e-01 -4.693928901946777810e-01 3.252520774288285565e-01 -4.886030904482517312e-01
1.120085454773640521e-01 -2.815874551136081649e-01 3.518852236109651366e-01 -2.854481079970550006e-01
1.605381246973636156e-01 -8.678232245856176696e-02 5.043453931703196780e-01 -8.689162204331910000e-02
1.297213416263203190e-01 -1.740581395759488448e-01 4.075316138670597166e-01 -1.749492267230806364e-01
1.414222362633195118e-01 5.235854404900308623e-02 4.442910584990846234e-01 5.238249637758251448e-02
1.208459784679163374e-01 1.561746391606186890e-01 3.796488381706762949e-01 1.568165735146826167e-01
1.081759013993286445e-01 2.874027806244210392e-01 3.398446171315847031e-01 2.915141070938222501e-01
1.410402496281923934e-01 3.997854621495140481e-01 4.430910120923997608e-01 4.112827780354942342e-01
9.427402852305077907e-02 5.850600715605769331e-01 2.961705954323309298e-01 6.249541276743638685e-01
1.395224263198011627e-01 6.496952155790156613e-01 4.383226295373105486e-01 7.071834386307253029e-01
1.573084588018345276e-01 5.303549633128887830e-01 4.941990985193759900e-01 5.590192101015734050e-01
1.310752461967963356e-01 7.481824849021967427e-01 4.117850305193288540e-01 8.453185184707822097e-01
1.442780602047049054e-01 8.525608351803808382e-01 4.532628940132867879e-01 1.020865804632759666e+00
2.423856649484641412e-01 -9.290423588498859520e-01 7.614770243375719172e-01 -1.191815968799997849e+00
2.420096628498467073e-01 -7.331862269057078940e-01 7.602957789068210959e-01 -8.229956277878300863e-01
1.960336715148702780e-01 -8.234321476827570763e-01 6.158579422873511344e-01 -9.674334836553519779e-01
1.768312758120045292e-01 -5.666591086911543229e-01 5.555318370159039176e-01 -6.024454605250958439e-01
2.074783211445601072e-01 -4.803026375248178326e-01 6.518123694868939166e-01 -5.009997220596350553e-01
1.998480738021717329e-01 -6.661573322001852482e-01 6.278412404909735622e-01 -7.290445209824741868e-01
2.143567055298438717e-01 -3.253874032489558754e-01 6.734214513402680957e-01 -3.314213979530457599e-01
2.399928677572671365e-01 -3.160293477150855068e-02 7.539598302601772106e-01 -3.160819768526740986e-02
2.239545432960328153e-01 -1.475714865649218055e-01 7.035739479568738908e-01 -1.481124237562657375e-01
1.984498772314549075e-01 -2.531208150344643748e-02 6.234486764161351058e-01 -2.531478519767454624e-02
1.763276064360277395e-01 2.076524473958551997e-01 5.539495130044970184e-01 2.091744826270003077e-01
2.114573423809771313e-01 9.234310793621780533e-02 6.643128333716993295e-01 9.247485289304566147e-02
2.335952151352860273e-01 1.997120540106827047e-01 7.338610117827418788e-01 2.010640459557164195e-01
2.027592674454126165e-01 3.236106337189659232e-01 6.369870250537563727e-01 3.295429793890007342e-01
2.023298285688659437e-01 4.791672298251756779e-01 6.356379030340314484e-01 4.997056823718182272e-01
1.961793091969397107e-01 5.983227477634032176e-01 6.163154765594263118e-01 6.414061877249647159e-01
1.882423789871179309e-01 7.021415073805046259e-01 5.913808749201953097e-01 7.784006313613610617e-01
1.922293216245798408e-01 9.046442582910401153e-01 6.039062246203296125e-01 1.130544234208791687e+00
1.845506692829383955e-01 9.531608109750324687e-01 5.797830268343587834e-01 1.263519651112038789e+00
2.521804454642009308e-01 -8.654845320144262111e-01 7.922482348493351534e-01 -1.046116818948344962e+00
3.074879503970955330e-01 -7.069216093602657125e-01 9.660018860348980052e-01 -7.851363251659887466e-01
2.454118314743902740e-01 -5.567798034733162371e-01 7.709840068639608468e-01 -5.905040687866096594e-01
3.001833516530838519e-01 -4.423448085614409830e-01 9.430538122832896608e-01 -4.582115007456628586e-01
2.670731462595363759e-01 -3.568788780257723392e-01 8.390350342600718658e-01 -3.649246187282881859e-01
3.165322066518225785e-01 -2.724648116840386880e-01 9.944152550419320669e-01 -2.759538386954142886e-01
3.207873145735375964e-01 -1.123216934717123916e-01 1.007783070829023631e+00 -1.125592226049393213e-01
2.731529301856012726e-01 -2.143794652979422732e-01 8.581352387776105539e-01 -2.160564802375930238e-01
2.723919186952654670e-01 7.010091743940760622e-02 8.557444506702742704e-01 7.015845904680874379e-02
2.830764732072639234e-01 2.160079093389701832e-01 8.893109686320482821e-01 2.177239919794581591e-01
2.901428517749689018e-01 4.127280544057607692e-01 9.115106516278346227e-01 4.254470873410450826e-01
2.480339636056858588e-01 3.553390489048509071e-01 7.792216779043807939e-01 3.632767632648555289e-01
2.459005007448451519e-01 5.997231976259158603e-01 7.725192066540569336e-01 6.431551507014031666e-01
2.836122805389638124e-01 5.337152895007084563e-01 8.909942570090562119e-01 5.629878442961888663e-01
3.207093625438608431e-01 7.031779309536583256e-01 1.007538177305258742e+00 7.798572525681843892e-01
2.543559107995139179e-01 7.370443878171879515e-01 7.990826607648936486e-01 8.286866514150896812e-01
2.538528657937346722e-01 8.417165209665027348e-01 7.975022982703124930e-01 1.000454603127320707e+00
3.432114482349444273e-01 -9.523182482118774939e-01 1.078230564402814950e+00 -1.260746105391437499e+00
3.523617097633646722e-01 -8.963222109796680215e-01 1.106976958798925326e+00 -1.111404233518425100e+00
3.919892078285625026e-01 -7.739735524176107884e-01 1.231470415600694590e+00 -8.850924831331842269e-01
3.373646348399859107e-01 -8.132951611632164290e-01 1.059862258394302925e+00 -9.497931412723639166e-01
3.798355738725529562e-01 -6.725057208030413847e-01 1.193288648450075540e+00 -7.375892904169825126e-01
3.936489474230997487e-01 -4.869702338974719602e-01 1.236684641317764788e+00 -5.086175256922268462e-01
3.311937312255663901e-01 -6.107080411282952426e-01 1.040475792933231780e+00 -6.569544370156130686e-01
3.483414187540572193e-01 -4.356648396882778496e-01 1.094346842098791850e+00 -4.507767661944784288e-01
3.718637011142751359e-01 -2.089520193807952175e-01 1.168244271557317360e+00 -2.105032008091266560e-01
3.649640238717610785e-01 -8.937323454442602788e-02 1.146568296220094485e+00 -8.949264348531039970e-02
3.435279404222180144e-01 6.962675982006727438e-02 1.079224853933272277e+00 6.968313999832152772e-02
3.911223835734141119e-01 6.160878450635509651e-02 1.228747206888767041e+00 6.164782537823033925e-02
3.531569858478120771e-01 2.335490844048297987e-01 1.109475392303400865e+00 2.357261181736910183e-01
3.309431494927721484e-01 3.707548394410393744e-01 1.039688567202361691e+00 3.798216535146750061e-01
3.789624509188980195e-01 3.508535424150940329e-01 1.190545651793192494e+00 3.584824334007342683e-01
3.462996852500979106e-01 5.046316464601692253e-01 1.087932547122165250e+00 5.289552484637509711e-01
3.801182132417177950e-01 6.036730295560421844e-01 1.194176586215859093e+00 6.481003443016398746e-01
3.661236923364241669e-01 7.575510195603569752e-01 1.150211502149279807e+00 8.595532633606365325e-01
3.815557198984445009e-01 8.550924538687416643e-01 1.198692646568118025e+00 1.025729132030776203e+00
4.572079372825521570e-01 -8.902898209557912335e-01 1.436361096929808845e+00 -1.097981191662771971e+00
4.590641919830591444e-01 -7.910736870746157834e-01 1.442192693060112996e+00 -9.125622020250125921e-01
4.312634767618586107e-01 -6.306849203384246039e-01 1.354854170356647458e+00 -6.824354803205986419e-01
4.616074095327806770e-01 -5.253822730904542659e-01 1.450182446630798871e+00 -5.531643259666928492e-01
4.214244589579916322e-01 -3.229329949519097465e-01 1.323943984305479882e+00 -3.288268910650581356e-01
4.123088672979380309e-01 -9.076597890493331988e-02 1.295306508513131005e+00 -9.089107191249326534e-02
4.559830413741956523e-01 -2.046113387070305212e-01 1.432512972942703744e+00 -2.060666289594587086e-01
4.598701974105705581e-01 -7.441583328945000630e-02 1.444724833789936325e+00 -7.448468730493600087e-02
4.421321397577495649e-01 6.998241202895294499e-02 1.388999082178881794e+00 7.003966187837294688e-02
4.007464750915419316e-01 2.031791119852175420e-01 1.258982182099593228e+00 2.046036692832319537e-01
4.416898390804397945e-01 2.580500733374333500e-01 1.387609553620367642e+00 2.610033744545721124e-01
4.591902931846338909e-01 4.211270113230265455e-01 1.442588851668588967e+00 4.346875302277984354e-01
4.083423342287808566e-01 4.568345967191835832e-01 1.282845277362845815e+00 4.744335081222055828e-01
4.475559875671273335e-01 6.676385877890373965e-01 1.406038602611012100e+00 7.310323869176910128e-01
4.619015071338889999e-01 5.694685326030497485e-01 1.451106381493879161e+00 6.058591666257034936e-01
4.388958093742216793e-01 7.726654468597711212e-01 1.378831850421400995e+00 8.830292769266466779e-01
4.026027917673538070e-01 9.257752710382256556e-01 1.264813972931059904e+00 1.183081051680682005e+00
4.756703865540632403e-01 8.555125258603140104e-01 1.494362591928462214e+00 1.026539880135600269e+00
5.232496526101020340e-01 -9.768923514538860875e-01 1.643837264633307926e+00 -1.355402757065029773e+00
5.498232358280290555e-01 -8.238931271055074390e-01 1.727320638450304369e+00 -9.682463838108628096e-01
4.831353109128488921e-01 -7.076910307387633825e-01 1.517814343453626647e+00 -7.862247587620612155e-01
5.405446381034888503e-01 -6.142581022734394658e-01 1.698171064003273889e+00 -6.614454461055970791e-01
5.279449147308834522e-01 -4.921806282677076982e-01 1.658587865618633250e+00 -5.145930334910721049e-01
4.918725672187855835e-01 -2.745990565038123332e-01 1.545263243676888498e+00 -2.781727051415970875e-01
5.384902217519713652e-01 -3.144687114437152431e-01 1.691716924685931822e+00 -3.198969196687251881e-01
4.976845688578306337e-01 -4.094160525327992239e-01 1.563522185328764191e+00 -4.218139210072817114e-01
5.526098747227339292e-01 -9.498897777529125008e-02 1.736075122730116771e+00 -9.513240701002700916e-02
5.077543965011115379e-01 -1.520265049126379164e-01 1.595157481875810968e+00 -1.526182881822280291e-01
4.926178711750250905e-01 1.864309427057024848e-01 1.547604685110501865e+00 1.875281392042572881e-01
5.133793715702930083e-01 1.896202691776083249e-02 1.612828862229777283e+00 1.896316342787402950e-02
5.391207488335965081e-01 2.231175532150408980e-01 1.693697783933454826e+00 2.250114804735865726e-01
5.110042537548995512e-01 4.636491995992366721e-01 1.605367209549526830e+00 4.821094290217410872e-01
4.838949070155231791e-01 3.165697338426576302e-01 1.520200684989483575e+00 3.221110418016731036e-01
5.209423947910383212e-01 6.049757785082050532e-01 1.636588800418999678e+00 6.497354473828563792e-01
5.060625491046000235e-01 7.198192741290430074e-01 1.589842386523935280e+00 8.035419324513844996e-01
5.125009812040612900e-01 9.134607420809031098e-01 1.610069317508239672e+00 1.151709073894253033e+00
6.062971543210151637e-01 -9.361841344712742430e-01 1.904738685907298334e+00 -1.211612800855469851e+00
5.764674949565262718e-01 -8.879717990327895549e-01 1.811026047188734056e+00 -1.092916105852152819e+00
6.256382295720810394e-01 -7.360312362304017864e-01 1.965500465828574184e+00 -8.271887840979174067e-01
5.663674626305412740e-01 -7.030765424710303524e-01 1.779295859832400239e+00 -7.797146655784678027e-01
6.088874325108972752e-01 -5.319555675126654837e-01 1.912876284839385876e+00 -5.609083318821458386e-01
6.192636116437402194e-01 -6.435487029341433463e-01 1.945474012975456857e+00 -6.991256521243679467e-01
5.628750241274118604e-01 -4.262559322425552022e-01 1.768324040687854648e+00 -4.403498122818572114e-01
5.911257225066455234e-01 -2.462439745404649827e-01 1.857076227174836225e+00 -2.488029797969646961e-01
6.075515683405181555e-01 -8.890862097635787720e-03 1.908679543775529064e+00 -8.890979235100735997e-03
5.598959657379749544e-01 1.079610116461924285e-01 1.758965052736984669e+00 1.081718440493091987e-01
5.588237957195167915e-01 3.603715671249609898e-01 1.755596731283597167e+00 3.686661942815625537e-01
5.969279672994376451e-01 2.469629169144822445e-01 1.875304516790201603e+00 2.495448332406422220e-01
5.968728452401155238e-01 4.919316965767945860e-01 1.875131345733584531e+00 5.143070903004712813e-01
6.227810909128854711e-01 5.863065515914698267e-01 1.956524500006558087e+00 6.264919671116241373e-01
5.768330884360455268e-01 7.824008561211714952e-01 1.812174592978192056e+00 8.985116290542783934e-01
6.084707629920622640e-01 7.079018844626836504e-01 1.911567278940039083e+00 7.865232423726854494e-01
5.556078938810611323e-01 6.815774976949788844e-01 1.745493677693239043e+00 7.499162759719508742e-01
6.163023031262064855e-01 8.608920886822617469e-01 1.936170787891760003e+00 1.037020441868237608e+00
5.609562734126269934e-01 9.683324545603297917e-01 1.762296107538216416e+00 1.318462776468152242e+00
6.904409377859905828e-01 -8.576791398435805736e-01 2.169084177886115405e+00 -1.030738870975778987e+00
7.009405570347806425e-01 -7.453154986415835292e-01 2.202069704583604182e+00 -8.410079318426948447e-01
6.584790776615441210e-01 -5.715146410878366723e-01 2.068673032924089661e+00 -6.083504623720351612e-01
6.352980465259980836e-01 -3.294011348356904456e-01 1.995847675806022181e+00 -3.356692415656504225e-01
6.930326135868076776e-01 -2.924495581202328776e-01 2.177226167542448909e+00 -2.967873845082722450e-01
6.851458994404622249e-01 -4.635246191031063834e-01 2.152449324319327228e+00 -4.819688271459851570e-01
6.405833212899130213e-01 -1.486858092480531912e-01 2.012451856176540765e+00 -1.492391767279336867e-01
6.748920684330383946e-01 -3.820851866671426400e-02 2.120235964155253505e+00 -3.821782149095225012e-02
7.089190809842971230e-01 -1.402841921867079567e-01 2.227134976809895583e+00 -1.407484394292163044e-01
6.345135520519655792e-01 1.643272836592930553e-01 1.993383113729619849e+00 1.650759851463157735e-01
6.858329316467384196e-01 1.724686051376596030e-01 2.154607699651344355e+00 1.733352820334682631e-01
6.945735201429434902e-01 3.131512300445284946e-01 2.182067068259073483e+00 3.185093459667646121e-01
6.365786048999415581e-01 3.069949260987177020e-01 1.999870668586095857e+00 3.120338692325232421e-01
6.648191632292994591e-01 4.426556788066604575e-01 2.088590999166880735e+00 4.585581568650116124e-01
6.853318213695647199e-01 6.335265010012391951e-01 2.153033415285936947e+00 6.861025997353807915e-01
7.046530651080309404e-01 5.106204567235677061e-01 2.213732892672920283e+00 5.359062596762816932e-01
6.915514417195633978e-01 7.550531145278582823e-01 2.172572928885610377e+00 8.557351245319382294e-01
7.230612784146333016e-01 -9.405389103333416934e-01 2.271564000362655822e+00 -1.224213332560173839e+00
7.696658207725710632e-01 -7.271379913603135403e-01 2.417976488258267498e+00 -8.141436542551739874e-01
7.130785170197659895e-01 -6.285361220235676782e-01 2.240202230502001068e+00 -6.796696544466411805e-01
7.276431298895589261e-01 -5.175872538411165902e-01 2.285958311296122147e+00 -5.440286916873813272e-01
7.617767832063673250e-01 -6.031745567156683308e-01 2.393192345796387954e+00 -6.474752377790491398e-01
7.695817063244487777e-01 -4.369155863574480936e-01 2.417712234925986081e+00 -4.521667845221138959e-01
7.680891524846380491e-01 -3.211106268114389817e-01 2.413023238747749488e+00 -3.269019872505513069e-01
7.312123462686401787e-01 -3.760736699135001082e-01 2.297171335251715796e+00 -3.855552351667043132e-01
7.372546716023031799e-01 -2.349568562493637991e-01 2.316153860130551134e+00 -2.371741815464418202e-01
7.410583237803658463e-01 -5.972921417128418398e-02 2.328103385869963571e+00 -5.976478609040940942e-02
7.530437176863560289e-01 1.139327252805077961e-01 2.365756611315402047e+00 1.141806634163608780e-01
7.603329320172413919e-01 4.587644925520624195e-01 2.388656353507752961e+00 4.766042349683424217e-01
7.613619830666518151e-01 2.566929219101448112e-01 2.391889212724749747e+00 2.595989100440879715e-01
7.392090644816913247e-01 3.580841448036597985e-01 2.322293766442665053e+00 3.662151646210058953e-01
7.874159066963393183e-01 3.467663458486396344e-01 2.473740027796965446e+00 3.541213262979326371e-01
7.847563992319079862e-01 5.878340065497349443e-01 2.465384938684541005e+00 6.283787956135127306e-01
7.369791811054100528e-01 6.761898043433618444e-01 2.315288381209378077e+00 7.425784934868455700e-01
7.628575551711616054e-01 8.052324170540223758e-01 2.396587691061191627e+00 9.360673251738272915e-01
7.189110172882808847e-01 8.806561436988324942e-01 2.258525570497627921e+00 1.077245404962201558e+00
7.134260668128444838e-01 9.480472539527806664e-01 2.241294090378693316e+00 1.247040454958146860e+00
8.133445819508475783e-01 -8.991296011485563344e-01 2.555197363493844076e+00 -1.117776781297442845e+00
8.660400429863202021e-01 -7.734842731374482749e-01 2.720745036760412017e+00 -8.843201605582701186e-01
7.904771481570125324e-01 -8.259741028971991916e-01 2.483357201480680843e+00 -9.719280458808563505e-01
8.163757314097195295e-01 -6.517082241533784792e-01 2.564720000365769081e+00 -7.098344616974711085e-01
8.191746325343522983e-01 -5.167011690391365430e-01 2.573513007577039602e+00 -5.429934227701755933e-01
8.203392198979591043e-01 -2.662067311468216957e-01 2.577171666683010010e+00 -2.694556112393968195e-01
8.628144305578697715e-01 -4.128013604352807064e-01 2.710611476451864288e+00 -4.255275693307677964e-01
8.192299796099964393e-01 -4.027223941796842510e-02 2.573686885543280845e+00 -4.028313331442833628e-02
8.658360944819529781e-01 -7.780649672619333046e-02 2.720104313637381477e+00 -7.788521618759447485e-02
7.924087112490176832e-01 -1.377560053677693297e-01 2.489425385900469578e+00 -1.381954613419093814e-01
8.424906684374655619e-01 2.240923892579462784e-01 2.646762494681095923e+00 2.260116407687248474e-01
8.030768189315327099e-01 8.637818789063178571e-02 2.522940234623563871e+00 8.648596417828531557e-02
8.457899028988142831e-01 3.788998148191131676e-01 2.657127345427339637e+00 3.886071798799684562e-01
8.653705860900933189e-01 5.924365460979541531e-01 2.718641875893330617e+00 6.340799362366064118e-01
8.043138510454237444e-01 4.851773261844689600e-01 2.526826485624818375e+00 5.065659501697507006e-01
8.510044220239096902e-01 4.888255561423284767e-01 2.673509240402742737e+00 5.107429941525323258e-01
8.359809835226590380e-01 7.380424597614319016e-01 2.626311716375555605e+00 8.301646208939903460e-01
7.919871331268417691e-01 6.819468541170872200e-01 2.488100959168927595e+00 7.504211551763019239e-01
8.270185155094071927e-01 8.594392112903417313e-01 2.598155292707089892e+00 1.034171735925591085e+00
9.074003632452201096e-01 -9.976943846203467636e-01 2.850682315035893311e+00 -1.502877229306345042e+00
9.510195849977254312e-01 -9.419361581657328397e-01 2.987716141648868007e+00 -1.228350390706347772e+00
8.934721873014292992e-01 -9.796182100962393946e-01 2.806925659812974150e+00 -1.368551895857740286e+00
9.030320517449470508e-01 -8.914274401753510269e-01 2.836958859718043513e+00 -1.100485421085792614e+00
9.581271721568718203e-01 -8.078374775148000619e-01 3.010045285252791469e+00 -9.404738444461563374e-01
9.558477980771844518e-01 -6.638818169643159184e-01 3.002884420389262843e+00 -7.259976018447127366e-01
9.892324977161151001e-01 -5.087725680023036379e-01 3.107765547517228999e+00 -5.337584357848421668e-01
8.891501932448351297e-01 -5.056429357825835691e-01 2.793347715035918721e+00 -5.301270256819854421e-01
9.383617866258271434e-01 -5.421260477747362749e-01 2.947950495273091498e+00 -5.729651646066921122e-01
8.808128321984642906e-01 -6.575752007318109715e-01 2.767155122822314794e+00 -7.175956991655138006e-01
9.152288783706399311e-01 -3.283294398854836871e-01 2.875276320642428551e+00 -3.345344244257857924e-01
8.757469355211113804e-01 -2.937309438477029300e-01 2.751240139036897681e+00 -2.981276274223489953e-01
9.796996718234081136e-01 -3.448685203128021293e-01 3.077817291724750159e+00 -3.520987084650156196e-01
9.432013544585358122e-01 -4.240496918513760871e-01 2.963154446022878474e+00 -4.379123040711355719e-01
9.535071977763376339e-01 -2.300883846965389168e-01 2.995531207679132280e+00 -2.321685033480379579e-01
9.941076351576787484e-01 -2.371234049273129862e-02 3.123081243488885939e+00 -2.371456319824521985e-02
9.160559381323447603e-01 -5.792037173268926864e-04 2.877874605513880191e+00 -5.792037497118132780e-04
8.995135526952198202e-01 -1.708512396578425463e-01 2.825905168951758029e+00 -1.716935468776886187e-01
9.532123403393224503e-01 -7.288092398834944419e-02 2.994604885721149135e+00 -7.294559810001043088e-02
8.817825514647681384e-01 7.588431469399781193e-02 2.770201585745379447e+00 7.595733314069966213e-02
9.900413226509972020e-01 1.107900965456261044e-01 3.110306545990694893e+00 1.110180054922485365e-01
8.890610240160050637e-01 2.248641297469360367e-01 2.793067581641700325e+00 2.268035926069246755e-01
9.530609802476188719e-01 6.507828193252418458e-02 2.994129373969006469e+00 6.512430610409976339e-02
9.297881366533402581e-01 2.380551323481610027e-01 2.921015579505076509e+00 2.403629237116517992e-01
9.554862266122197134e-01 4.622222694399398257e-01 3.001748510131181824e+00 4.804996100179382279e-01
9.726145789347282467e-01 2.558003165726918660e-01 3.055558815955672358e+00 2.586754724126956728e-01
9.000299814130274800e-01 4.020465964392461178e-01 2.827527577617725107e+00 4.137509568915206382e-01
9.889848142718387081e-01 3.796033909452600774e-01 3.106987427028274684e+00 3.893675614082763303e-01
9.185549808584492215e-01 5.887668940986645616e-01 2.885725579783217309e+00 6.295324423278105819e-01
9.941255604592027506e-01 5.433330549448731617e-01 3.123137557484466864e+00 5.744022364059839791e-01
9.502719768618692608e-01 8.037363025284072204e-01 2.985367461421498447e+00 9.335484985633291100e-01
8.861292779589486912e-01 6.828634290672535023e-01 2.783857229766661057e+00 7.516750642981906427e-01
8.768504222263717729e-01 7.968834636309223285e-01 2.754706844763477935e+00 9.221188308854759708e-01
9.417680094504945476e-01 6.960741331364812545e-01 2.958651459875556444e+00 7.699148877818610126e-01
8.993359665519167212e-01 9.274906124883077752e-01 2.825347265628577631e+00 1.187643603185687846e+00
8.823581489223724095e-01 9.750964268624735531e-01 2.772009878489613666e+00 1.347155410232661499e+00
9.956169646796686479e-01 9.966436670451805924e-01 3.127822942027015607e+00 1.488842533323395667e+00
