-8.655748663006477273e-01 -9.062154001339599585e-01 -2.719283641102082427e+00 -1.134245458976649523e+00
-9.748174211366793518e-01 -6.949599570244402447e-01 -3.062479248834339529e+00 -7.683642104587139476e-01
-9.195994708390626826e-01 -8.894648045651987189e-02 -2.889006941833060615e+00 -8.906418297685038399e-02
-8.142851216545794468e-01 -5.045251229083338451e-01 -2.558152156117497800e+00 -5.288318667623697067e-01
-8.752383964108312320e-01 3.516373638961194370e-01 -2.749642516303978379e+00 3.593195960608019379e-01
-8.100505695761195391e-01 9.487951114358028626e-02 -2.544848918416564576e+00 9.502244373411976308e-02
-9.282656916679217218e-01 8.733397359859749187e-01 -2.916232677523391104e+00 1.062016946248399485e+00
-7.022686296753219981e-01 -6.560167498923428209e-01 -2.206241967834562612e+00 -7.155289743271970870e-01
-6.963270038087769898e-01 -1.125454995522108259e-01 -2.187575799661845899e+00 -1.127844568420412752e-01
-7.348530630475236247e-01 3.345024668365610410e-01 -2.308608984338057279e+00 3.410772350690922106e-01
-6.025920164715823368e-01 4.624238641892990387e-01 -1.893098652058982756e+00 4.807269610082295364e-01
-6.394874716067704412e-01 1.708314328605637922e-01 -2.009009142862541619e+00 1.716734445470537440e-01
-7.588498764007731712e-01 6.103126430149250492e-01 -2.383997196878191449e+00 6.564552021809663129e-01
-6.129522932710111949e-01 7.861254424182040346e-01 -1.925646421541225228e+00 9.045149311619554711e-01
-5.219315823925203546e-01 -8.532632445031347324e-01 -1.639696424920837670e+00 -1.022211276427354321e+00
-5.764390207695431201e-01 -5.922478283147356581e-01 -1.810936592892090857e+00 -6.338457039579354912e-01
-4.605746290386141251e-01 -2.952888326136871022e-01 -1.446937871017554444e+00 -2.997578179143179922e-01
-5.647892136164407439e-01 -1.339367913632898421e-01 -1.774337644324166519e+00 -1.343405090877511920e-01
-4.862564174686800911e-01 2.745944071741477366e-01 -1.527619588880496870e+00 2.781678699444428138e-01
-5.233874007405832085e-01 9.325516316703335029e-01 -1.644270013148073195e+00 1.201417057202500471e+00
-3.978679989658542304e-01 -5.903331517422807373e-01 -1.249939182649599134e+00 -6.314715242723870636e-01
-2.224814776974741726e-01 -6.328954877410282176e-01 -6.989461758941862835e-01 -6.852873151714430344e-01
-3.246920803462411964e-01 -8.288037560035252937e-01 -1.020050254294538217e+00 -9.769663784390988370e-01
-3.759969990600637857e-01 -1.542395325466516809e-03 -1.181229410018904691e+00 -1.542395937022635272e-03
-2.971687922274726112e-01 -3.807588231488137076e-01 -9.335832945379796133e-01 -3.906167961862994642e-01
-2.712973849915782942e-01 -7.064728102113004837e-02 -8.523058716276641356e-01 -7.070618061823888412e-02
-3.438321700625048827e-01 3.327145611250990065e-01 -1.080180619536201814e+00 3.391806784972924427e-01
-2.472448429844864570e-01 5.749248574340661833e-01 -7.767425823580245137e-01 6.125123069094836614e-01
-2.354805115891749345e-01 8.255645044648756148e-01 -7.397838452721181568e-01 9.712018177458985324e-01
-6.096617369555779042e-02 -8.275081624287341509e-01 -1.915308833994436299e-01 -9.746548690804061055e-01
-1.038071485915637027e-02 -6.108436643714048042e-01 -3.261197754053605374e-02 -6.571257209711020009e-01
-2.528531073546846919e-02 -2.589199649984847973e-01 -7.943614645028286569e-02 -2.619038692262766199e-01
-1.600489981188897293e-01 -3.775844991148906704e-01 -5.028087567047105910e-01 -3.871863023077328214e-01
-1.808101711085501329e-01 2.381661699369777008e-01 -5.680319052489345433e-01 2.404772495360661677e-01
-8.006897815614411051e-02 1.668450644150698547e-01 -2.515441135557839325e-01 1.676290103266953047e-01
-6.748385434476578126e-02 6.424837439663211303e-01 -2.120067810454398238e-01 6.977350982536744128e-01
8.316896190917155707e-02 -2.964637017126827701e-01 2.612829997405426985e-01 -3.009877560204489710e-01
1.503757609141329610e-01 1.747750166981698605e-02 4.724193857658152695e-01 1.747839158068510701e-02
1.838704690913117723e-01 3.374174814724415494e-01 5.776461149093742309e-01 3.441721386739997612e-01
4.270909082571261450e-02 2.809702532885978155e-01 1.341745659795579859e-01 2.848049388985082198e-01
1.522619778927036815e-01 9.060464670260088837e-01 4.783451111687693769e-01 1.133846087355936172e+00
1.623129120753494803e-01 7.307055955096766198e-01 5.099210521586839961e-01 8.193549275200038284e-01
2.627884746264346205e-01 -6.998444610197704918e-01 8.255743413344747150e-01 -7.751797217160686371e-01
3.911910361062762576e-01 -4.517219767905937822e-01 1.228962885181656972e+00 -4.686945217618037618e-01
2.545448990668746081e-01 -7.382465458525944157e-03 7.996763849172486838e-01 -7.382532518544920354e-03
2.256535328137270202e-01 -3.498510074571139494e-01 7.089114809441880993e-01 -3.574120556984345942e-01
3.746796385544579611e-01 2.520931596695907828e-02 1.177090799932364096e+00 2.521198685794868652e-02
3.013946142799119876e-01 3.999151913101115507e-01 9.468591060533008141e-01 4.114243140688691458e-01
3.636168112606397163e-01 6.563859489180952078e-01 1.142335902978172113e+00 7.160182480698346064e-01
4.424546416201107224e-01 -7.689721983886061984e-01 1.390012251660444509e+00 -8.772318502001141827e-01
5.322533577029180396e-01 -1.856113172077520357e-01 1.672123238407987600e+00 -1.866939535908047898e-01
5.909445521933340828e-01 -5.441734833789042547e-01 1.856507063849488492e+00 -5.754036464670988504e-01
4.927081312880130515e-01 1.022176129719465365e-01 1.547888245618377123e+00 1.023964575854521553e-01
4.216151232443183794e-01 4.124554558396504866e-01 1.324542973826705827e+00 4.251478297213903690e-01
5.776907726349043148e-01 3.191479721008527726e-01 1.814869087356426824e+00 3.248303075646903904e-01
5.436409643384707557e-01 7.364946467295905297e-01 1.707898459756210352e+00 8.278735980197976518e-01
4.225900259350772181e-01 9.876801580563721039e-01 1.327605720957958813e+00 1.413664396253355493e+00
7.227446577101024339e-01 -8.721335710502335914e-01 2.270569307083327271e+00 -1.059546258602658497e+00
7.847089625437866367e-01 -4.011925561190121670e-02 2.465235911933628454e+00 -4.013002577042466823e-02
6.844917771587419875e-01 -3.063207512122572140e-01 2.150394338564525665e+00 -3.113255682592884765e-01
6.308401720562628601e-01 3.863836426683597836e-02 1.981842850121276589e+00 3.864798474978770049e-02
6.736161741243691381e-01 4.775770801809944288e-01 2.116227623968380822e+00 4.978949017496086538e-01
7.485462736689636465e-01 2.536992576607592920e-01 2.351627474230431059e+00 2.565027276421124047e-01
7.294158174678000428e-01 7.182796171230665383e-01 2.291527373569034243e+00 8.013264657569317828e-01
9.006600071582058220e-01 -9.983074019627931062e-01 2.829506861870350054e+00 -1.512605679192510433e+00
8.161723243038412345e-01 -7.006406470287704913e-01 2.564080978096253904e+00 -7.762949767660559663e-01
9.721596505595102578e-01 -4.537990797889015493e-01 3.054129616314178008e+00 -4.710240741609217907e-01
8.454455737352686295e-01 -4.169338908352802076e-01 2.656045603456727466e+00 -4.300694079070320752e-01
9.590708309357420802e-01 2.908066200702921211e-01 3.013009876739985771e+00 2.950697852269539290e-01
8.059431064800579581e-01 5.024007420366458643e-01 2.531944942529086529e+00 5.263731392377184459e-01
8.306029334432623035e-01 9.404092600978115613e-01 2.609416073755484788e+00 1.223831857271386880e+00
9.796463361594804908e-01 7.090819862774013771e-01 3.077649732794780935e+00 7.881954412525552511e-01
