-9.709659475819660823e-01 -9.477599806717713626e-01 -3.050379487809356860e+00 -1.246138659334020904e+00
-9.602505777556171740e-01 -8.955150571220382716e-01 -3.016716160682401338e+00 -1.109587209046860146e+00
-9.669461465069681960e-01 -7.711181679156546842e-01 -3.037750910283250949e+00 -8.805955034436478979e-01
-9.288600555037371809e-01 -6.333721973723520637e-01 -2.918099926583548331e+00 -6.859031854307447995e-01
-9.618230171338530976e-01 -5.544821032287310381e-01 -3.021656124681282751e+00 -5.877405112814543253e-01
-9.582552419080516692e-01 -3.669315560919481634e-01 -3.010447628242244988e+00 -3.757083434183534632e-01
-9.511254356681815292e-01 -1.186167189435960445e-01 -2.988048681337550416e+00 -1.188966497064062044e-01
-9.966966187334191929e-01 -2.074196346848931061e-01 -3.131214775270696915e+00 -2.089364881502474292e-01
-9.962644236985742641e-01 2.007704407510011446e-01 -3.129856994524309766e+00 2.021443117864172856e-01
-9.945606426791484544e-01 3.500365562403584541e-02 -3.124504408590356164e+00 3.501080764074775836e-02
-9.470777205119900177e-01 1.383594516473238833e-01 -2.975332409139034961e+00 1.388047419909300695e-01
-9.968363220773313049e-01 4.476602999615411083e-01 -3.131653666269612835e+00 4.641471021659065443e-01
-9.994502395747482115e-01 3.282366077016960482e-01 -3.139865530276587879e+00 3.344361455694586094e-01
-9.262338404224259580e-01 3.817642858651311144e-01 -2.909849428577353958e+00 3.917044094380469632e-01
-9.569148507674871684e-01 2.682685923681245033e-01 -3.006236665282111087e+00 2.715952917306465042e-01
-9.494464808005853573e-01 4.868225772720404798e-01 -2.982774089059801348e+00 5.084484776850449750e-01
-9.718528537921486965e-01 6.543476971724719871e-01 -3.053165785843689584e+00 7.133196849099957548e-01
-9.334093980372286659e-01 5.834992426233334140e-01 -2.932392107665428682e+00 6.230308636061396843e-01
-9.961290337409032247e-01 8.037603222611395815e-01 -3.129431654427920595e+00 9.335888699346843733e-01
-8.619717510914954861e-01 -8.330408316288042680e-01 -2.707964120830971932e+00 -9.845818387136633376e-01
-8.709438322911855490e-01 -9.030443816052906580e-01 -2.736150745215329305e+00 -1.126804963032633333e+00
-8.862233896687345958e-01 -7.021404374520718861e-01 -2.784152890422741056e+00 -7.783991287329977693e-01
-8.939039885732553703e-01 -5.603923617610666597e-01 -2.808282203516353270e+00 -5.948594609507150688e-01
-9.073785492215566961e-01 -3.869716105339766621e-01 -2.850613784259406813e+00 -3.973450594305856787e-01
-8.649315443245064738e-01 -4.347758918928912308e-01 -2.717262585507944195e+00 -4.497894017610444273e-01
-9.195252564871496670e-01 -1.944458336726448966e-01 -2.888773790570299482e+00 -1.956924691250315762e-01
-8.692228674501614183e-01 -2.112355790622129081e-01 -2.730744174713681804e+00 -2.128388907996225377e-01
-9.016284256512250295e-01 1.135062313527557265e-02 -2.832549238293619709e+00 1.135086687877552222e-02
-8.861633483833892821e-01 4.261255496192428716e-01 -2.783964265161788187e+00 4.402056846890243236e-01
-9.137917490967109035e-01 2.419614350260943514e-01 -2.870761445873194262e+00 2.443868453580025357e-01
-8.812195227470469572e-01 3.133608506209168976e-01 -2.768432778862026211e+00 3.187300761807765892e-01
-8.805893433925104929e-01 6.226145054544740542e-01 -2.766453012031370395e+00 6.720793787381338369e-01
-9.078011492422259909e-01 8.284918515869479361e-01 -2.851941421379748487e+00 9.764091776855893245e-01
-8.855363270104419371e-01 7.579194718210151560e-01 -2.781994419422892939e+00 8.601178874539088248e-01
-8.993735054867193490e-01 9.386880015479308614e-01 -2.825465197670376849e+00 1.218804919733134318e+00
-8.685361983638966166e-01 8.844004675440182428e-01 -2.728586940156824792e+00 1.085207902288226611e+00
-7.667263334176848133e-01 -8.790014969026687108e-01 -2.408741816378836997e+00 -1.073764048749947575e+00
-7.879611768777512459e-01 -6.982828669303120517e-01 -2.475453044593110885e+00 -7.729958538919703415e-01
-8.201222722656140718e-01 -7.694975759863416087e-01 -2.576490105595021340e+00 -8.780540810971172450e-01
-7.885278768539656369e-01 -5.522158021025103114e-01 -2.477233385075175320e+00 -5.850196949038616312e-01
-8.255570434154120285e-01 -4.873247222278440649e-01 -2.593563942713168480e+00 -5.090234346928627085e-01
-8.379596098130033255e-01 -6.137669337144131543e-01 -2.632527754193500602e+00 -6.608231594056674929e-01
-7.912475066559268022e-01 -3.444731844488522210e-01 -2.485777354081500690e+00 -3.516775665371522086e-01
-8.339265206165551447e-01 -3.408187715287183117e-01 -2.619857430802666975e+00 -3.477876742033417234e-01
-7.743195016192367941e-01 -4.516437862581372809e-01 -2.432596457818304359e+00 -4.686068817574164935e-01
-8.373283849995485362e-01 -4.247864436556891832e-03 -2.630544702956787440e+00 -4.247877211654341352e-03
-8.176142911623260900e-01 -1.670528094030649946e-01 -2.568611050585589695e+00 -1.678397124043043420e-01
-7.792362221241329046e-01 -1.248651462074414908e-01 -2.448042790836240101e+00 -1.251919124843587083e-01
-8.059120469632437000e-01 2.134971865768899857e-01 -2.531847366179238890e+00 2.151532900735215470e-01
-8.440570040827837239e-01 1.231362917548044500e-01 -2.651683283237483479e+00 1.234496109426467952e-01
-7.775254003427081173e-01 4.083455049727096053e-01 -2.442668085696114488e+00 4.206408309789897437e-01
-8.378449225735620232e-01 4.501228067354252627e-01 -2.632167453604611573e+00 4.669028609556274967e-01
-8.322808411510917992e-01 3.200163727828964078e-01 -2.614687376283803655e+00 3.257467688309597098e-01
-8.219868747671095210e-01 6.044898967312788418e-01 -2.582347927115584696e+00 6.491253714514074735e-01
-7.778742829594371688e-01 5.576396341975951021e-01 -2.443764132761795604e+00 5.915395456810720320e-01
-8.081673510843623287e-01 7.316485369361818147e-01 -2.538932613037755637e+00 8.207371595947676735e-01
-7.872274628465549817e-01 8.640455836090017439e-01 -2.473148013982868765e+00 1.043251386520821500e+00
-7.106134152544774096e-01 -9.496317956902455837e-01 -2.232457884905819423e+00 -1.252058807413716002e+00
-7.252690759493629624e-01 -7.272613578392950195e-01 -2.278500000878376230e+00 -8.143233771711952951e-01
-7.001598843900682656e-01 -8.085402941061581306e-01 -2.199617149138117345e+00 -9.416672371955654430e-01
-7.023495228488989550e-01 -6.085323590521969361e-01 -2.206496101234397322e+00 -6.542097651112238621e-01
-7.378331941823061957e-01 -5.149718681822419430e-01 -2.317971342417824321e+00 -5.409748309306212644e-01
-7.539581815026563660e-01 -6.248273891438111960e-01 -2.368629484122664941e+00 -6.749104336430253870e-01
-7.303953581404352136e-01 -3.738752738401680542e-01 -2.294604691350077275e+00 -3.831838074254124704e-01
-7.061250321583825151e-01 -2.748632768140586435e-01 -2.218357213544631001e+00 -2.784474992329084575e-01
-7.488380526064211118e-01 -2.191903255898288716e-01 -2.352544124796819514e+00 -2.209845383155069343e-01
-7.123365955742515521e-01 -6.958450894667533859e-02 -2.237871415539232078e+00 -6.964078639993775965e-02
-7.618957689483423223e-01 -9.574966015920338691e-03 -2.393566150529258696e+00 -9.575112327396204104e-03
-7.414232711272918941e-01 1.005512804748553979e-01 -2.329249901774013587e+00 1.007214943411370855e-01
-6.928376919992842442e-01 8.065789839837989028e-02 -2.176613803315059048e+00 8.074561139604108373e-02
-7.551742334134259327e-01 2.445939560665753021e-01 -2.372449823871922714e+00 2.471009067720261465e-01
-7.098094298655510670e-01 2.794110314519555605e-01 -2.229932090314374893e+00 2.831806551464950972e-01
-7.414942151290646599e-01 4.748051495524905352e-01 -2.329472778928799226e+00 4.947426204086911583e-01
-7.275702099961611768e-01 5.856557487920750482e-01 -2.285729226694722893e+00 6.256888287423900685e-01
-7.365258561378882352e-01 6.914926500758162842e-01 -2.313864218821722663e+00 7.635532996182813337e-01
-7.009912334284167379e-01 8.007132864628254687e-01 -2.202228909169561710e+00 9.284849727311070833e-01
-6.959535924752493496e-01 9.199631384421274038e-01 -2.186402693359668081e+00 1.167986441419789356e+00
-7.570289732599224664e-01 9.644103443347262772e-01 -2.378276660947996390e+00 1.303204150871427824e+00
-6.481646068860700272e-01 -8.743050609518148164e-01 -2.036269167310194028e+00 -1.064002213386339601e+00
-6.244944168996566791e-01 -6.883361188600196634e-01 -1.961907072339802882e+00 -7.591927803619186177e-01
-6.141258068285355698e-01 -8.092469448894101802e-01 -1.929333123112431769e+00 -9.428691166528571088e-01
-6.452381631252310790e-01 -5.459964137341333235e-01 -2.027075473089998692e+00 -5.775779938840067684e-01
-6.810439579758127415e-01 -4.205709578556862116e-01 -2.139562695148529148e+00 -4.340745496803168901e-01
-6.544043324249979587e-01 -2.565981485407187179e-01 -2.055871843223706641e+00 -2.595008522886489422e-01
-6.842189979427588664e-01 -1.690683083415696064e-01 -2.149537377383540893e+00 -1.698842924556231981e-01
-6.506584227656955211e-01 -3.409667026843976601e-02 -2.044103720957030745e+00 -3.410328042831035217e-02
-6.186030053269193640e-01 -1.738512463020329690e-01 -1.943398657023617471e+00 -1.747391302457743378e-01
-6.756809532618091030e-01 1.911130843604098573e-01 -2.122714318937847899e+00 1.922960075762619181e-01
-6.239061396903269330e-01 9.433357647405049562e-02 -1.960058944980698437e+00 9.447404936743404591e-02
-6.381002327072349267e-01 2.699921781518601627e-01 -2.004651003326986647e+00 2.733849079223951151e-01
-6.715194732421503332e-01 4.213938478620737893e-01 -2.109640643880027255e+00 4.349817466300581748e-01
-6.243471250884891077e-01 6.548247084405314222e-01 -1.961444341467905028e+00 7.139506627714128362e-01
-6.766928049124074640e-01 5.711008551432887881e-01 -2.125893144649890321e+00 6.078462978250707138e-01
-6.830271738332129861e-01 6.686509758644050283e-01 -2.145793151516620423e+00 7.323930667239606507e-01
-6.379974374514258972e-01 7.398608484347743985e-01 -2.004328062506512964e+00 8.328634979304472274e-01
-6.665072765478596839e-01 8.659132022025060049e-01 -2.093894363566896732e+00 1.046973191624159361e+00
-5.627739402722771178e-01 -9.378132784515200715e-01 -1.768006476391166704e+00 -1.216276483158638788e+00
-5.653154356730518693e-01 -8.842884238963402144e-01 -1.775990819671372956e+00 -1.084967895315892550e+00
-5.375151469051353548e-01 -6.730895079943195469e-01 -1.688653636710411687e+00 -7.383783770204347396e-01
-5.354219606967860479e-01 -8.144475516157581030e-01 -1.682077698295666002e+00 -9.517764498677394602e-01
-5.759594651637565121e-01 -7.418724077693827912e-01 -1.809430024523963842e+00 -8.358584451906644341e-01
-5.583835578550633283e-01 -5.789719528776644530e-01 -1.754213683242798139e+00 -6.174672554152841331e-01
-5.959599260739099069e-01 -4.652483581833557480e-01 -1.872263325587711469e+00 -4.839151641272269599e-01
-5.869168826309987264e-01 -3.155006191268110438e-01 -1.843853766741368361e+00 -3.209841720899250239e-01
-5.364453646858056146e-01 -4.533673172329717449e-01 -1.685292816749224265e+00 -4.705396084839778559e-01
-5.860943415321688832e-01 -6.890182498391905774e-02 -1.841269677668008864e+00 -6.895645991107303419e-02
-5.474807881755150429e-01 -1.650035472089836919e-01 -1.719961622113747701e+00 -1.657616078148267114e-01
-5.357038572047148062e-01 1.015255852013339233e-01 -1.682963302294047558e+00 1.017008107366286912e-01
-5.850601644059476580e-01 7.388754041052014720e-02 -1.838020714405761646e+00 7.395493600066123385e-02
-5.984945688409413211e-01 2.427021378314195843e-01 -1.880226140684091884e+00 2.451503042708319535e-01
-5.433880502980683591e-01 4.109282788677695031e-01 -1.707103906864892551e+00 4.234720494769000365e-01
-5.954198725798907077e-01 4.166153261970444444e-01 -1.870566697498355246e+00 4.297189555578451170e-01
-5.415561123596839277e-01 5.872957690641651407e-01 -1.701348704095831499e+00 6.277136290601711410e-01
-6.088037527410818939e-01 5.436629651501856397e-01 -1.912613397089279799e+00 5.747952624969518975e-01
-5.337785894974549361e-01 8.044001424709015247e-01 -1.676914895408726291e+00 9.346650651016656930e-01
-5.609535408343582219e-01 7.034212081644588554e-01 -1.762287522890401803e+00 7.801994658252525694e-01
-5.750053265767596233e-01 8.682326343081430142e-01 -1.806432509748547854e+00 1.051629033759967413e+00
-4.690216770276007807e-01 -8.925182000816889172e-01 -1.473475054924275218e+00 -1.102898138926524219e+00
-4.660391482307386646e-01 -7.926008649715214904e-01 -1.464105164366933165e+00 -9.150627750901124680e-01
-4.704553907966362303e-01 -6.902473367679697880e-01 -1.477979199568427493e+00 -7.618308237754364276e-01
-4.900285441008500609e-01 -5.273932722600780387e-01 -1.539470074196532590e+00 -5.555295278527543346e-01
-5.245339623281015662e-01 -2.678614366991562967e-01 -1.647872042608309107e+00 -2.711726683920593906e-01
-4.976670190118019921e-01 -4.021228738362463417e-01 -1.563467050861409025e+00 -4.138342653144677086e-01
-4.713404045395535036e-01 -3.123268153664402469e-01 -1.480759552241502464e+00 -3.176413939968347200e-01
-4.916788535809502036e-01 -1.541761084365311785e-01 -1.544654674335364630e+00 -1.547935372621288830e-01
-5.006284863267258523e-01 -4.327862242777591462e-03 -1.572770774821820039e+00 -4.327875753317229034e-03
-4.614749457649771625e-01 2.377501621917099683e-02 -1.449766299431000549e+00 2.377725659927339835e-02
-4.761755328193486569e-01 1.438189736006241226e-01 -1.495949555724471081e+00 1.443194353911953776e-01
-5.249342434886070663e-01 2.912304555653952853e-01 -1.649129562961523687e+00 2.955127953501495708e-01
-4.785975209684545373e-01 2.726568802167292915e-01 -1.503558455900783741e+00 2.761534653848510268e-01
-4.736826196499261954e-01 4.307858611167998397e-01 -1.488117838025376338e+00 4.453634005876689894e-01
-5.121968697928624970e-01 4.916701009736581529e-01 -1.609113923332944562e+00 5.140066500849908016e-01
-4.599098083609018950e-01 6.497595323509566256e-01 -1.444849275260499111e+00 7.072680473361219189e-01
-4.690367136954727290e-01 5.486341824530229783e-01 -1.473522294009596223e+00 5.807297296875539860e-01
-5.060357304534242040e-01 7.223464283397265095e-01 -1.589758133246422123e+00 8.071894237953188833e-01
-4.772808116210967011e-01 8.725763923450167159e-01 -1.499421891488211367e+00 1.060452059244074707e+00
-4.761533654273608640e-01 9.437355032148808665e-01 -1.495879914808653011e+00 1.233749817390176196e+00
-4.092667384109307527e-01 -9.653440315955266193e-01 -1.285749378750435712e+00 -1.306758405753214225e+00
-3.926350599968044808e-01 -8.085175425561379470e-01 -1.233499420027748705e+00 -9.416285740961898298e-01
-4.082952053873785125e-01 -7.281939552080327616e-01 -1.282697217740924156e+00 -8.156831142011280456e-01
-4.282985971617914167e-01 -4.938409726383574672e-01 -1.345539726386298041e+00 -5.165014249971281446e-01
-3.834625049599884594e-01 -6.465392252278907570e-01 -1.204682988509439445e+00 -7.030392110441238129e-01
-4.299812321821836480e-01 -6.007529667841684518e-01 -1.350825880205035245e+00 -6.444426498499185030e-01
-4.185874242038754023e-01 -3.440859612505828835e-01 -1.315031176763969301e+00 -3.512651299202596000e-01
-4.261199609516113096e-01 -2.004056378028082896e-01 -1.338695338873551632e+00 -2.017719406457275377e-01
-3.941299809036729052e-01 -1.096777500902996749e-01 -1.238195852566464250e+00 -1.098988384038933203e-01
-4.227627442363084409e-01 -2.566612219434483144e-02 -1.328148331504247270e+00 -2.566894095561007144e-02
-3.783720025570758150e-01 1.204102517936189720e-02 -1.188690703557367723e+00 1.204131616226995077e-02
-4.387645408594103014e-01 2.225734468555604639e-01 -1.378419458219622085e+00 2.244533389538370116e-01
-3.877309451925776695e-01 1.341884252369693886e-01 -1.218092688986428751e+00 1.345944351875976164e-01
-4.300170834114924734e-01 1.016161873656451498e-01 -1.350938510163653961e+00 1.017918839036775630e-01
-4.286408684804705604e-01 3.533352455875296005e-01 -1.346615003446595127e+00 3.611339273609583400e-01
-4.150927835747959538e-01 4.852932635855307097e-01 -1.304052439436717004e+00 5.066985434606735561e-01
-4.094723920160183717e-01 6.172113569254573662e-01 -1.286395458605363196e+00 6.651934585057589500e-01
-4.480146640127609103e-01 7.671685798961540570e-01 -1.407479577162989104e+00 8.744152995375357174e-01
-3.947144213778859267e-01 8.293458324744147347e-01 -1.240031926466712342e+00 9.779358652337496460e-01
-3.140282095150075392e-01 -9.100688157232514897e-01 -9.865487160323040960e-01 -1.143450069793528812e+00
-3.463202890423138225e-01 -7.147611877261281776e-01 -1.087997275844426737e+00 -7.962825785114236998e-01
-3.405910849111180028e-01 -5.820412350834314186e-01 -1.069998450234945775e+00 -6.212366946390351918e-01
-3.013965367101381077e-01 -5.258336901538145369e-01 -9.468651455459762278e-01 -5.536949511032002169e-01
-3.670431091230510479e-01 -4.882504720852360869e-01 -1.153099935171733925e+00 -5.100839041897550219e-01
-3.159356659071059781e-01 -3.979036328502096875e-01 -9.925411670207634485e-01 -4.092306605398272068e-01
-3.695514222410414273e-01 -3.633124983493316584e-01 -1.160980033236115538e+00 -3.718208913689124429e-01
-3.724059323610426908e-01 -2.227465687119323245e-01 -1.169947741258709151e+00 -2.246309187453127965e-01
-3.441757892820753728e-01 -1.071317001845419892e-01 -1.081260131152036674e+00 -1.073376945549931460e-01
-3.044572094550781483e-01 -2.229550986981345684e-01 -9.564805325565224337e-01 -2.248448280030576618e-01
-3.181867301469338827e-01 1.338697132705271020e-01 -9.996130938993654791e-01 1.342728214276038556e-01
-3.524661609034680509e-01 4.054496217913814426e-01 -1.107305101733333297e+00 4.174706413864360810e-01
-3.196910256626015467e-01 3.347526619882483789e-01 -1.004338977640214958e+00 3.413427362417479904e-01
-3.626627750135484884e-01 2.689615309660873255e-01 -1.139338709713051845e+00 2.723146691915955264e-01
-3.102273890081945762e-01 5.436953793419481151e-01 -9.746080862504870046e-01 5.748338833203776588e-01
-3.565849293199581105e-01 6.376775773759451038e-01 -1.120244594332415966e+00 6.914795438210539213e-01
-3.678225906179444227e-01 5.078370072221431997e-01 -1.155548748509700241e+00 5.326720614264064402e-01
-3.326280817178279836e-01 7.255191963626592688e-01 -1.044981937902393687e+00 8.117885190389962924e-01
-3.199089590932278071e-01 8.242231778351030158e-01 -1.005023635704842100e+00 9.688289923266443227e-01
-3.638990037345326556e-01 9.314138727313385768e-01 -1.143222436781052398e+00 1.198278407704362891e+00
-3.422321864266808511e-01 9.789502354088874814e-01 -1.075154122700032966e+00 1.365252994550866017e+00
-2.735564073796405982e-01 -8.452370031548770424e-01 -8.594027997662955221e-01 -1.007008512516329723e+00
-2.932287942710598561e-01 -7.486722384724866508e-01 -9.212054259029545111e-01 -8.460569702801071790e-01
-2.343904874003377437e-01 -7.361574335563625393e-01 -7.363594332882320570e-01 -8.273752241171044020e-01
-2.451936154993468175e-01 -6.423490097383075526e-01 -7.702984611598684417e-01 -6.975592866657738256e-01
-2.391752212183377857e-01 -4.812737998454237331e-01 -7.513911179002435992e-01 -5.021072970025898252e-01
-2.751629528998320584e-01 -3.543169008223354677e-01 -8.644499113701866744e-01 -3.621834767092928509e-01
-2.856474376558217898e-01 -5.787693864446485925e-02 -8.973878916562781916e-01 -5.790929956487293057e-02
-2.464416678978096353e-01 -2.327561503295836332e-01 -7.742193334061743260e-01 -2.349107115945780477e-01
-2.318391771064489681e-01 6.184918071347800250e-03 -7.283442556119230638e-01 6.184957504189831853e-03
-2.666947638542416232e-01 9.249978987889551085e-02 -8.378463108753502198e-01 9.263220832048614517e-02
-2.483832333840012563e-01 2.457068929566648130e-01 -7.803189412740574316e-01 2.482488738898966929e-01
-2.464079776677883249e-01 3.692514147593530804e-01 -7.741134924270416384e-01 3.782033805840678276e-01
-2.367344432169613544e-01 5.986773292216880371e-01 -7.437231876620757909e-01 6.418487933731606976e-01
-2.951016242969306536e-01 6.446217001654188650e-01 -9.270890949536525483e-01 7.005283480310807720e-01
-2.552462213495412247e-01 5.026659605412493459e-01 -8.018796538482728664e-01 5.266799070436073427e-01
-2.372464847535769028e-01 7.525350644311863402e-01 -7.453318135918400866e-01 8.519031100424867553e-01
-2.320180198414985018e-01 9.510278931206799236e-01 -7.289061066345025042e-01 1.256544448096457156e+00
-2.090607750092321471e-01 -9.241224475436020658e-01 -6.567837949227923744e-01 -1.178732499834783010e+00
-1.834074679421935361e-01 -8.176919519862528851e-01 -5.761915539007007592e-01 -9.573901031089100400e-01
-1.601136144125478999e-01 -6.455139990142286788e-01 -5.030117547781692844e-01 -7.016960871590364190e-01
-1.498028389853232056e-01 -5.173163025998934739e-01 -4.706194984431860684e-01 -5.437120534644894754e-01
-1.988278759793198347e-01 -5.664484751305223220e-01 -6.246361945054936804e-01 -6.021898449502999240e-01
-1.578330114002970408e-01 -2.751827761519995974e-01 -4.958470291091272575e-01 -2.787798133909996090e-01
-1.965415754659638470e-01 -3.234192300408738063e-01 -6.174535696088359060e-01 -3.293406976167625455e-01
-1.764917135421459893e-01 -4.256323462113684730e-01 -5.544650706834800546e-01 -4.396605761148910663e-01
-1.959148816836586704e-01 -1.255045059750823366e-01 -6.154847530262955724e-01 -1.258363417058482314e-01
-1.542271225707114723e-01 -1.033115311664272173e-01 -4.845187952524397379e-01 -1.034961981862364822e-01
-1.806980265763968863e-01 1.363960844288980567e-02 -5.676795928105816680e-01 1.364003139463308700e-02
-2.115162053047456858e-01 1.716645650107944121e-01 -6.644977567005794228e-01 1.725190683169335049e-01
-1.596480935930142397e-01 2.466002872043777661e-01 -5.015492779914292321e-01 2.491706298368559502e-01
-2.051584448510299641e-01 3.428637249706201207e-01 -6.445242631659025001e-01 3.499637180655975066e-01
-1.702759730859730869e-01 6.035067771633779721e-01 -5.349377461297464276e-01 6.478918237351602993e-01
-2.090679201509064722e-01 4.872574434421581557e-01 -6.568062420473852470e-01 5.089463896462931292e-01
-1.649906983340059252e-01 7.504970174794878268e-01 -5.183335657967627075e-01 8.488138192403050786e-01
-2.168707271250216451e-01 8.777115115289735314e-01 -6.813194831146446306e-01 1.071065360021103308e+00
-1.039018822383652729e-01 -9.151010072384913041e-01 -3.264173899342001639e-01 -1.155758348177328365e+00
-1.051390067171256160e-01 -7.332503742381994982e-01 -3.303039311082497376e-01 -8.230899630263165401e-01
-8.687570884141559979e-02 -8.098403285750317426e-01 -2.729280886715970689e-01 -9.438798892324664624e-01
-9.163260536873973905e-02 -5.868265942054902151e-01 -2.878723198557254226e-01 -6.271340735256206722e-01
-9.585676311746582634e-02 -3.044932467059420222e-01 -3.011429028067276747e-01 -3.094063676453840950e-01
-1.215565156623445997e-01 -4.121487795113556452e-01 -3.818810566007944107e-01 -4.248112101286366515e-01
-9.788301726635850741e-02 -1.252126314060573176e-01 -3.075085679551947671e-01 -1.255421463759826828e-01
-9.735511863711332481e-02 -6.085082374733818966e-04 -3.058501254997179619e-01 -6.085082750266905581e-04
-1.312899175957651376e-01 1.067481122614590827e-01 -4.124594406092650933e-01 1.069518942521734406e-01
-9.141643274521049634e-02 1.324015845108121869e-01 -2.871931935297387106e-01 1.327915055938155009e-01
-1.444401103025785282e-01 4.170097355687021334e-01 -4.537719894102800744e-01 4.301528528549791730e-01
-7.401351013194079620e-02 2.752728184129504818e-01 -2.325202996968989133e-01 2.788734728709698074e-01
-1.136954895546054001e-01 3.370120286438180734e-01 -3.571849147310433570e-01 3.437414600235684792e-01
-1.056552159584924766e-01 5.010530157210131286e-01 -3.319256502686430133e-01 5.248151208117655120e-01
-1.098937483056856568e-01 6.291253701679064836e-01 -3.452413923525878281e-01 6.804274887820234152e-01
-1.214239653061268687e-01 8.422367113642441616e-01 -3.814646373754700948e-01 1.001418786718081710e+00
-2.801708199322971993e-02 -8.642299449899280006e-01 -8.801825896495336921e-02 -1.043617724204950026e+00
-4.150028440538533481e-02 -6.937253476387577056e-01 -1.303769886098456177e-01 -7.666486274579399351e-01
-1.141066580636729277e-02 -6.136413873990593792e-01 -3.584766386985174108e-02 -6.606641466376008687e-01
-6.277281538901835489e-02 -4.936025835935280437e-01 -1.972066156712883878e-01 -5.162272948389661220e-01
-4.323765996133532852e-02 -3.860587087322575606e-01 -1.358351148929446139e-01 -3.963552311399796690e-01
-9.664288758593597706e-03 -3.008633337561061882e-01 -3.036125856616806937e-02 -3.055978026525724145e-01
3.075171624483452604e-03 -4.487722603168760038e-01 9.660936584005004255e-03 -4.653910099879094986e-01
-5.715215534022144439e-02 -9.169358819252249049e-02 -1.795487913536623625e-01 -9.182256568617923331e-02
-3.874582771668344527e-02 -2.189918123525496085e-01 -1.217236077119884935e-01 -2.207810819871094399e-01
-8.220909332817827320e-03 -2.874647940002650337e-02 -2.582674836580825528e-02 -2.875044003017070138e-02
-2.497571919543450925e-02 1.146865214943659783e-01 -7.846353594249863561e-02 1.149394332547137715e-01
-5.910751368769795455e-02 4.932234778286104238e-02 -1.856917307732300348e-01 4.934236740284849571e-02
-2.194686969465675652e-02 2.617529659001160969e-01 -6.894812460202613680e-02 2.648380478397615034e-01
-6.177485350080780258e-02 4.204889709711865375e-01 -1.940714259347235127e-01 4.339841839646336741e-01
-3.470348276514356733e-02 6.328596161577662027e-01 -1.090242065089550294e-01 6.852409845350131423e-01
-2.418413151344345202e-02 4.783228494657660868e-01 -7.597668989608336032e-02 4.987439230513988631e-01
-5.066938086480310410e-02 8.079452632169010773e-01 -1.591825546868086694e-01 9.406567393296116908e-01
-3.115227264030018262e-03 7.259899141363541641e-01 -9.786775086939336968e-03 8.124727479304555411e-01
-6.238097621523053249e-02 7.212146339886849056e-01 -1.959756166015278467e-01 8.055541703482811400e-01
1.635398561557588337e-03 8.742930034445222098e-01 5.137756106680634212e-03 1.063977372403077659e+00
8.145531331900546235e-02 -9.259236883909895965e-01 2.558994139188424111e-01 -1.183473801923754953e+00
4.572164466322337084e-02 -8.295594918669773055e-01 1.436387829840255204e-01 -9.783183718477066471e-01
8.511577931633396155e-02 -7.482549587835427563e-01 2.673991070047648244e-01 -8.454277560132782421e-01
1.926013259089409679e-02 -7.066197706344858886e-01 6.050749105471824041e-02 -7.847096634314010277e-01
4.828222594729147943e-02 -6.186282846527995094e-01 1.516830863349734049e-01 -6.669956133951259192e-01
4.299592403721907985e-02 -5.184642495741160761e-01 1.350756790896322501e-01 -5.450539800628686482e-01
5.110581929742608054e-02 -3.758583638095274182e-01 1.605536664604812480e-01 -3.853228821211104882e-01
2.176098917670254984e-02 -1.260700449576963589e-01 6.836416373237573507e-02 -1.264064086027899825e-01
4.562084055077741951e-02 -2.377157523529049854e-01 1.433220975249136775e-01 -2.400135132650157432e-01
8.279035109943011506e-02 9.596781525160924531e-02 2.600935588020892864e-01 9.611573686704620589e-02
6.490339304807024590e-02 2.106657793916761889e-01 2.039000227928683406e-01 2.122559735621249444e-01
2.814870774873656778e-02 4.177897065708502389e-02 8.843177347147689049e-02 4.179113428989551099e-02
2.143942364048467830e-02 1.745579034391204765e-01 6.735393580614600084e-02 1.754567603344526217e-01
7.321114674934392497e-02 3.270459637345746184e-01 2.299996007886231375e-01 3.331759409673850092e-01
1.518960578222894320e-02 3.364131394757823301e-01 4.771955393637548892e-02 3.431054315315244518e-01
5.084473916335907617e-02 4.576145599516707740e-01 1.597334590292981138e-01 4.753105106091636833e-01
2.449608593412366808e-02 5.473277638406108814e-01 7.695672361234717762e-02 5.791679445236502799e-01
4.557286282173911296e-02 6.387518475807514307e-01 1.431713710438310139e-01 6.928749568596768160e-01
7.445724504678197242e-02 5.597836369672228862e-01 2.339143340455052678e-01 5.941246704018865454e-01
5.360657044621741640e-02 7.833957238671316325e-01 1.684100078979803572e-01 9.001107109665039685e-01
8.566662904342670082e-02 9.119729432138539149e-01 2.691296524606313079e-01 1.148067765265034623e+00
1.807536476185767071e-02 9.557349553473819537e-01 5.678543314680788157e-02 1.272147633985596826e+00
1.599025784741663347e-01 -9.596067010013731302e-01 5.023487658245063825e-01 -1.285600943962800002e+00
1.179921782843620370e-01 -8.281855555516033363e-01 3.706833604792089121e-01 -9.758624426615781777e-01
1.347608281558139165e-01 -6.785416346161678991e-01 4.233636277259815728e-01 -7.457754556408993096e-01
1.075953206329409717e-01 -5.494178719002689171e-01 3.380206688610856713e-01 -5.816673757600107075e-01
1.621681314197680468e-01 -4.239013518258443192e-01 5.094662103147273857e-01 -4.377485143593380923e-01
1.202552568606163330e-01 -3.776140286653979494e-01 3.777930315088658397e-01 -3.872181927348912756e-01
1.068613466664889433e-01 -2.346969048745819464e-01 3.357148216401538154e-01 -2.369067520970148388e-01
9.759895229586468268e-02 -5.838876282027594122e-02 3.066161515307491703e-01 -5.842199078109842209e-02
1.425654782342244964e-01 -6.060853290559231610e-02 4.478826590761552096e-01 -6.064570088427581607e-02
1.516328610288026901e-01 -2.247628297860926327e-01 4.763686822508885754e-01 -2.266996314286741643e-01
1.367084428840827925e-01 6.549996251783540835e-02 4.294822398483343351e-01 6.554688831860287779e-02
1.159410870548036598e-01 2.041893325591406239e-01 3.642396673405858265e-01 2.056355209891322644e-01
1.298762260595556217e-01 4.632995982588870021e-01 4.080181976646671815e-01 4.817148942324244731e-01
1.420991723232092330e-01 3.312991491481169781e-01 4.464177158517841915e-01 3.376801519294266862e-01
1.244069689999462991e-01 6.282851648506941888e-01 3.908360198656044004e-01 6.793470383594202300e-01
1.647753755499887784e-01 5.525275054497889027e-01 5.176571093203439222e-01 5.853936201856811961e-01
1.288628624968592984e-01 7.810352892816250225e-01 4.048346221406848300e-01 8.963219267498452325e-01
9.297447351086418621e-02 7.014220903272252450e-01 2.920879229531097576e-01 7.773907699202784460e-01
1.556247916045820912e-01 9.709551681973556114e-01 4.889097020213976075e-01 1.329191147042247056e+00
2.236093660113656068e-01 -8.863922404927746523e-01 7.024895415351773975e-01 -1.089492827335391656e+00
2.014914234652567249e-01 -7.526503360308174351e-01 6.330039757198006045e-01 -8.520781654652960224e-01
1.802111719013810287e-01 -5.880339638802329905e-01 5.661500937401859890e-01 -6.286259894924243197e-01
2.299334612479759787e-01 -5.666206116437779716e-01 7.223572726711147141e-01 -6.023987388554649103e-01
2.169009879355625614e-01 -2.521888899566087083e-01 6.814145502547317435e-01 -2.549415930646516393e-01
2.195346674473679371e-01 -4.557111880146595961e-01 6.896884984609293889e-01 -4.731710238956205461e-01
1.811791032644312072e-01 -3.149168580975783005e-01 5.691909397995236208e-01 -3.203690537719410258e-01
1.759247966467194502e-01 -1.294867267281496481e-01 5.526840487296120763e-01 -1.298513310561788814e-01
2.069484152959650824e-01 -2.447718397612996810e-02 6.501476211658534510e-01 -2.447962881488862513e-02
2.442944838105778338e-01 1.937650680237794631e-01 7.674737556518219650e-01 1.949985047225824275e-01
2.002876753268847398e-01 1.578892687748896240e-01 6.292222894115188092e-01 1.585527431098759932e-01
2.363850140714518488e-01 6.850475132922850818e-02 7.426254236255930286e-01 6.855844580112481490e-02
2.405039033437901264e-01 3.665184160332981556e-01 7.555652959045207062e-01 3.752642640788051431e-01
2.128191139501212081e-01 4.653114066239234514e-01 6.685909649291897905e-01 4.839863921344494391e-01
1.708911528244714262e-01 4.256742924000498363e-01 5.368703902768500180e-01 4.397069313174946648e-01
1.714982581765915892e-01 2.475012264979845611e-01 5.387776679910257771e-01 2.501003893521403509e-01
2.141088391847569827e-01 2.729157092592124911e-01 6.726427562514709635e-01 2.764224975672504581e-01
1.791126562080183060e-01 6.557315167747093110e-01 5.626990049080645706e-01 7.151511171836104630e-01
2.103283482785054392e-01 5.792299855823075383e-01 6.607659937934281524e-01 6.177837606128334658e-01
2.312541992896950394e-01 7.325084287620213797e-01 7.265064936002958440e-01 8.219994415360737383e-01
1.752912165949134238e-01 8.584531700808832877e-01 5.506935982933972573e-01 1.032246119063954470e+00
2.592637504633812373e-01 -9.890480428716506012e-01 8.145010937978958143e-01 -1.422661208658236420e+00
2.705138973814955605e-01 -9.363838370303818603e-01 8.498444727076496230e-01 -1.212181359063455588e+00
2.721406547668019371e-01 -8.169795971375513055e-01 8.549550817585011009e-01 -9.561537223389995344e-01
2.656893588386193272e-01 -7.314523282766027812e-01 8.346877378643888790e-01 -8.204493738678894088e-01
2.657366488401582405e-01 -4.935242356497742122e-01 8.348363037858117508e-01 -5.161372096835052936e-01
3.016365262824702853e-01 -5.740263131810352526e-01 9.476190950233531751e-01 -6.114145420662296937e-01
3.174925569669950765e-01 -4.439906712665593336e-01 9.974322845369506529e-01 -4.600475025760838999e-01
2.590408849079195441e-01 -3.270094529826550467e-01 8.138009410061191051e-01 -3.331373058541048926e-01
3.021298991698500025e-01 -3.343859908444988260e-01 9.491690716618257362e-01 -3.409536420395721246e-01
2.542881258722209381e-01 -1.363765648082904125e-01 7.988697081352859053e-01 -1.368028772858876918e-01
2.826453809889872826e-01 -1.094270195845847837e-03 8.879566524860905696e-01 -1.094270414230792948e-03
3.114165911239525908e-01 -1.076029460927534487e-01 9.783440748809858478e-01 -1.078116803800795581e-01
2.893388522369759741e-01 1.763617942236519465e-01 9.089848125857864503e-01 1.772890768772913406e-01
2.848343550330587615e-01 3.672793032986183537e-01 8.948335172618443467e-01 3.760821930567011528e-01
2.578468197863337252e-01 6.252682208749162918e-01 8.100496747922373286e-01 6.754751779264797085e-01
2.918285675875624818e-01 5.308805433500733972e-01 9.168064840407187388e-01 5.596392821770022064e-01
3.060749035433447673e-01 7.597834340946612031e-01 9.615626684199765073e-01 8.629799621517246777e-01
2.903469004085870164e-01 8.734835250944097407e-01 9.121516893161842887e-01 1.062312211607969514e+00
3.794371420536812867e-01 -8.998019810538955277e-01 1.192036937974951805e+00 -1.119315441221922169e+00
3.989965151676544419e-01 -6.739456751323189554e-01 1.253484520858631601e+00 -7.395366571484504048e-01
3.224148737036784951e-01 -6.772075064160025804e-01 1.012896198635557354e+00 -7.439607527777113427e-01
3.655079648265127101e-01 -8.284394721840726561e-01 1.148277137127528880e+00 -9.763156496948697249e-01
3.255878921852564112e-01 -7.685624363487724153e-01 1.022864530186987198e+00 -8.765911250058366910e-01
3.491119588843687449e-01 -5.602272312598330917e-01 1.096767565311474790e+00 -5.946600961474413083e-01
3.692203914852232316e-01 -3.894784354918860991e-01 1.159940069445524635e+00 -4.000652443350788401e-01
3.831998721238669692e-01 -2.157467891949125249e-01 1.203857903120888695e+00 -2.174565660619719454e-01
3.377788739355425118e-01 -1.495453828689186082e-02 1.061163628893733168e+00 -1.495509574403697771e-02
3.327518078219380282e-01 -2.110397072442726785e-01 1.045370634922123232e+00 -2.126385014723483347e-01
3.390471892951003596e-01 1.939368242323453728e-01 1.065148159109755133e+00 1.951735819728490640e-01
3.901647205080602809e-01 1.251229235454831556e-01 1.225738619638037097e+00 1.254517274235965041e-01
3.933764213722574787e-01 3.326405808523271723e-01 1.235828475478526922e+00 3.391022298384744338e-01
3.338114711512834010e-01 3.694279187082967209e-01 1.048699665452873075e+00 3.783933138669779428e-01
3.648572963491094612e-01 5.883209628640779787e-01 1.146233001818996344e+00 6.289808648113295320e-01
3.486115069334183580e-01 4.755925093479216326e-01 1.095195349138894381e+00 4.956374711144367340e-01
3.268563891828728529e-01 6.523975389899248079e-01 1.026849631035799737e+00 7.107436400357309836e-01
3.943468163911614255e-01 8.181183523812616265e-01 1.238877061340995844e+00 9.581312140575332092e-01
3.309807786470599922e-01 9.224976031997595971e-01 1.039806782677033192e+00 1.174501687532819361e+00
3.766220797224908434e-01 9.792621744163674258e-01 1.183193158835886605e+00 1.366787009085167703e+00
4.254419245470135724e-01 -9.539020788313301580e-01 1.336565224686000919e+00 -1.265979955162198412e+00
4.526285124320779119e-01 -8.099365374967630871e-01 1.421974409461892241e+00 -9.440439048402338162e-01
4.285552748955581137e-01 -5.721802874707340170e-01 1.346346103269039585e+00 -6.091618701119223545e-01
4.443742720289143300e-01 -3.186110556189671872e-01 1.396042948450349597e+00 -3.242638176127622951e-01
4.258436413424493416e-01 -4.657673320994659694e-01 1.337827255219365519e+00 -4.845015463569161684e-01
4.096476993125806043e-01 -1.079742625284572100e-01 1.286946202720363752e+00 -1.081851728462668860e-01
4.323864916788497936e-01 -8.365788423251752093e-03 1.358382225769738660e+00 -8.365886008249827366e-03
4.584377908660175471e-01 -1.702084280269329231e-01 1.440224795912614653e+00 -1.710411796948217988e-01
4.362141353675816902e-01 1.800858912693195091e-01 1.370407123062818089e+00 1.810737694036757828e-01
4.758389719912490268e-01 1.422318837321685514e-01 1.494892218699427344e+00 1.427158589956324664e-01
4.669073208430534194e-01 2.830312469509443929e-01 1.466832609067829196e+00 2.869531186890352803e-01
4.383514113119548750e-01 3.870657104962653694e-01 1.377121573468355065e+00 3.974471121708781918e-01
4.456863318790966755e-01 4.958625893895813874e-01 1.400164906036752477e+00 5.188278579513891930e-01
4.527804811279529940e-01 6.339972636052448873e-01 1.422451833200429006e+00 6.867111911555332515e-01
4.003682194573330300e-01 4.696685304137035999e-01 1.257793856977983404e+00 4.889152834281820237e-01
4.266345918192997466e-01 7.378433132266402072e-01 1.340312099426792081e+00 8.298695291666815521e-01
4.775492923279174295e-01 8.112189919101755464e-01 1.500265348504389973e+00 9.462337754353884467e-01
4.656991273482429250e-01 9.250983461339479241e-01 1.463036957260417381e+00 1.181294503617139613e+00
4.376861157666227520e-01 8.734584386899906239e-01 1.375031485870673809e+00 1.062260686386697239e+00
5.033024340071747815e-01 -8.686498251690768502e-01 1.581171229210801998e+00 -1.052470497280885819e+00
4.946366167518243540e-01 -7.031286322893084417e-01 1.553946761384041420e+00 -7.797879192221988109e-01
5.502720801774283466e-01 -7.831605488184734121e-01 1.728730724560982424e+00 -8.997324161838585743e-01
5.525738592601250332e-01 -6.936220208715533353e-01 1.735961976817369079e+00 -7.665051757182120840e-01
4.952834556828433765e-01 -5.604992730229318987e-01 1.555978865817786660e+00 -5.949885510399518518e-01
5.416154741760408342e-01 -2.865275974114451785e-01 1.701535194742002099e+00 -2.906004983833863631e-01
5.419940269521295040e-01 -4.580499773896309357e-01 1.702724453362358448e+00 -4.758002727532112952e-01
4.929145946308659543e-01 -2.894038593492171962e-01 1.548536869339519395e+00 -2.936039873398418321e-01
4.887899832475417483e-01 -4.115428516812715820e-01 1.535579020518755167e+00 -4.241462713187045264e-01
5.240509610064036927e-01 -1.068920219244482439e-01 1.646354649204389009e+00 -1.070966320517038883e-01
4.829680760433987530e-01 -4.805517135013381846e-02 1.517288959616338140e+00 -4.807368622744936926e-02
5.121442988773108329e-01 7.106460885672372108e-02 1.608948766930855090e+00 7.112456002895367613e-02
5.322318531339202963e-01 2.573652833572526166e-01 1.672055679812005646e+00 2.602946456761992544e-01
5.048858229827992705e-01 4.518641467583155436e-01 1.586145592384399006e+00 4.688538832010938351e-01
5.331911984803785476e-01 6.538451595541230343e-01 1.675069552104694548e+00 7.126553139086587718e-01
4.960121186561661233e-01 5.808952011806072235e-01 1.558268028061720267e+00 6.198280446348838346e-01
5.533430849727047907e-01 5.335824268182618457e-01 1.738378570664961931e+00 5.628307416401759911e-01
5.098651725455911610e-01 7.412100936814840502e-01 1.601788680390521469e+00 8.348712533137908620e-01
5.367843386139288242e-01 8.574190778842121219e-01 1.686357734751574800e+00 1.030233309309964485e+00
5.803573364916949640e-01 -8.496486822672368877e-01 1.823246344779248407e+00 -1.015318740144507847e+00
5.883164020670554883e-01 -9.230710755368995990e-01 1.848250486720240504e+00 -1.175990003768442760e+00
6.127906852488687051e-01 -7.193279436038801933e-01 1.925138714966101228e+00 -8.028343876281514024e-01
5.645409071809126544e-01 -5.789311512176134045e-01 1.773557566650472372e+00 -6.174172142521641149e-01
6.210851387181854921e-01 -5.776452626723675987e-01 1.951196509050849182e+00 -6.158410465950642232e-01
6.235657870762558730e-01 -3.487015194941953666e-01 1.958989695708702516e+00 -3.561853067288954233e-01
5.789799024309867370e-01 -3.923909136484615701e-01 1.818919008053323072e+00 -4.032295443368660304e-01
5.997466002953217856e-01 -2.141776938040600431e-01 1.884159513503236960e+00 -2.158499106669537204e-01
5.652112966148135076e-01 -1.220541107190260544e-01 1.775663657171059562e+00 -1.223592046523492571e-01
6.023141226643919932e-01 1.434757940803899068e-02 1.892225622915835404e+00 1.434807170243751831e-02
5.700436352001443385e-01 1.213495276607985396e-01 1.790844896570393363e+00 1.216493449835254620e-01
6.080062954281675314e-01 1.910481570201170154e-01 1.910108111053476554e+00 1.922298614503146763e-01
5.741478816861964596e-01 2.623025791118898109e-01 1.803738767179496438e+00 2.654075596122580927e-01
5.959064561950200289e-01 3.762563868720261162e-01 1.872095345009002765e+00 3.857524359979532247e-01
6.032591503162527680e-01 5.313204837918619194e-01 1.895194514844360523e+00 5.601585030793566622e-01
5.992831616315958954e-01 6.730403977377017455e-01 1.882703578001886147e+00 7.383119744236751325e-01
5.654338850385627335e-01 7.944621501934967522e-01 1.776362939327884360e+00 9.181214446680409091e-01
6.216744310731960876e-01 9.312714907998382863e-01 1.953047825584167008e+00 1.197887403119302308e+00
6.910216607670316424e-01 -8.631004938877859800e-01 2.170908572937124692e+00 -1.041377037988127752e+00
6.713365561640085577e-01 -6.851306773266370165e-01 2.109065992931120626e+00 -7.547830819960662518e-01
6.349201645356103985e-01 -7.994501757263106079e-01 1.994660524521096434e+00 -9.263794032285384006e-01
6.706830421540694864e-01 -5.618503959425800165e-01 2.107012918118478240e+00 -5.966209392229350206e-01
6.689247569339455968e-01 -2.948140224689370648e-01 2.101489102188021540e+00 -2.992608849921263858e-01
6.670297622009291327e-01 -4.242199206565790970e-01 2.095535800656185721e+00 -4.381002777696956230e-01
7.104655318742245651e-01 -3.094724400043771251e-01 2.231993295564828728e+00 -3.146381865145063128e-01
6.646928510348961705e-01 -1.435025368929170320e-01 2.088194177704884691e+00 -1.439996818769572751e-01
7.079339304226239804e-01 -6.923696232530995864e-02 2.224040035042663455e+00 -6.929239952562644966e-02
6.383359439561873128e-01 -4.247664403706474801e-02 2.005391512055064052e+00 -4.248942760808516877e-02
6.474505277462627717e-01 1.539779911128740242e-01 2.034025821530493605e+00 1.545930255953512633e-01
6.789942581531307475e-01 2.706306009527570389e-02 2.133123373243527077e+00 2.706636472367503557e-02
6.859619673885986035e-01 2.284447269310962980e-01 2.155013077390022680e+00 2.304798662710499935e-01
6.764902201044415975e-01 3.690454601988473193e-01 2.125256705705456106e+00 3.779817740531176695e-01
6.441192520704792646e-01 2.901017749037795301e-01 2.023560310340369650e+00 2.943331843636282086e-01
6.871521366486599280e-01 6.450109293058996496e-01 2.158752104393959481e+00 7.010375852701803412e-01
6.700236603969380589e-01 4.787408149177061478e-01 2.104941409234363014e+00 4.992199276542656494e-01
6.821632063803662049e-01 7.790418954921671801e-01 2.143078917713816534e+00 8.931362171335593958e-01
6.337443903634369935e-01 8.294233622874365164e-01 1.990966721019515662e+00 9.780746389161177889e-01
7.164474168376906427e-01 -9.298558149326785482e-01 2.250785941420673009e+00 -1.194020762161795757e+00
7.743999912300774113e-01 -8.458797992783733122e-01 2.432849323388411200e+00 -1.008212515136130527e+00
7.566497428523952795e-01 -7.741632149964714493e-01 2.377085273485691097e+00 -8.853920597953136573e-01
7.556830757395294196e-01 -6.487619689814267954e-01 2.374048399185444858e+00 -7.059564402728859545e-01
7.758119014395108426e-01 -4.733082544401179259e-01 2.437284970129895978e+00 -4.930425578194050917e-01
7.254044087634425875e-01 -5.563421022642558444e-01 2.278925161452878712e+00 -5.899772300180065043e-01
7.214398805804993486e-01 -4.370947642193263594e-01 2.266470228838394441e+00 -4.523659907829286064e-01
7.525810665323073856e-01 -3.589093926307267424e-01 2.364303149848668184e+00 -3.670991715739355121e-01
7.806756184048844194e-01 -4.575747413330444324e-02 2.452564787617453668e+00 -4.577345662111747399e-02
7.322513863232555931e-01 -2.003512511611438285e-01 2.300435575854081094e+00 -2.017164281309457574e-01
7.819599880559298111e-01 -1.975984023671852885e-01 2.456599753877671599e+00 -1.989074109001423285e-01
7.192796450345568804e-01 1.520798464273647177e-01 2.259683648717238036e+00 1.526722572321087268e-01
7.380023058629374688e-01 1.904156813205815091e-02 2.318502622431331872e+00 1.904271900598808118e-02
7.209889353997833705e-01 3.178199909572441140e-01 2.265053542771485517e+00 3.234293773792482063e-01
7.537344002581920499e-01 4.116630087582244801e-01 2.367926454609044828e+00 4.242781145471422044e-01
7.335033841455065318e-01 5.609808740434532037e-01 2.304368843014775070e+00 5.955702005010851119e-01
7.789636591889284034e-01 6.647082766766949646e-01 2.447186509121360931e+00 7.271032774490763240e-01
7.492533328613104615e-01 7.666146133806877039e-01 2.353848766194760689e+00 8.735521229179752378e-01
7.688565715250039734e-01 8.440290622003827625e-01 2.415434156767187979e+00 1.004752132986599822e+00
7.228795868035857719e-01 9.134362902713120125e-01 2.270993199332170143e+00 1.151648988992319378e+00
8.521254999341509873e-01 -9.973404589731527103e-01 2.677031210529658534e+00 -1.497848116078409841e+00
8.538688802335230310e-01 -8.310687171837813914e-01 2.682508201270578763e+00 -9.810265012521462991e-01
8.119037677294651534e-01 -9.127653096591548110e-01 2.550670912120761358e+00 -1.150003352376659960e+00
7.954933039234595160e-01 -7.125131057812057467e-01 2.499115919585813028e+00 -7.930733907311078301e-01
8.272683240988731868e-01 -6.044000905093416254e-01 2.598940089536560194e+00 -6.490126411759948866e-01
8.277135446036070210e-01 -4.056280000535457120e-01 2.600338791003459438e+00 -4.176657869828501735e-01
8.288655344070301467e-01 -2.380608516067881375e-01 2.603957873706904014e+00 -2.403688122605112942e-01
8.294766316528698891e-01 -6.623081285395948647e-02 2.605877692325063055e+00 -6.627932915359725785e-02
7.903769035490120221e-01 1.350064281614014039e-01 2.483042273756624674e+00 1.354199500204714690e-01
8.407669374844262133e-01 1.833099856863489308e-01 2.641347234182262138e+00 1.843524408949579196e-01
8.323909174221859608e-01 6.182461600821453906e-02 2.615033191088407705e+00 6.186406910431285072e-02
8.518728545900702276e-01 3.620361567075709441e-01 2.676237501772730898e+00 3.704513024150600797e-01
8.044025918155870425e-01 3.453135697213018940e-01 2.527105272976437167e+00 3.525728870417508265e-01
8.126519787005099804e-01 4.596047218329648576e-01 2.553021486210730995e+00 4.775500761068685596e-01
7.974751160009101447e-01 5.746296190524142755e-01 2.505341965849127384e+00 6.121515164826087929e-01
8.461196303396216756e-01 5.728682116889793896e-01 2.658163214733066937e+00 6.100009169652370611e-01
8.662213560556526470e-01 7.590812844469199128e-01 2.721314648567026762e+00 8.619007050938926051e-01
8.351677756028303978e-01 8.794446004057669963e-01 2.623756948348781037e+00 1.074694137009683415e+00
8.179901274440579684e-01 9.585604959898219590e-01 2.569791775087231223e+00 1.281905638450769214e+00
8.977718774000957858e-01 -9.492275020587346290e-01 2.820433534639657402e+00 -1.250771162889511512e+00
9.688239748756062308e-01 -9.779082283718898427e-01 3.043650282090866632e+00 -1.360208600127087886e+00
9.189573174528995470e-01 -8.934928973454245860e-01 2.886989557472612766e+00 -1.105063918547800395e+00
9.819166795122831193e-01 -8.465849120211141887e-01 3.084782226793072013e+00 -1.009535890895465249e+00
8.781544700642935908e-01 -7.151233239961864996e-01 2.758803631871022510e+00 -7.968005202038124235e-01
9.981596027791177494e-01 -6.696346056300095384e-01 3.135810875200982561e+00 -7.337166910026898803e-01
9.117839639205598257e-01 -7.920378355522175173e-01 2.864453802713811559e+00 -9.141399370932927759e-01
9.594018000872126528e-01 -7.361316844108609647e-01 3.014049646994810594e+00 -8.273371800575796131e-01
9.283833039302662460e-01 -6.448698361454359151e-01 2.916602167342744689e+00 -7.008529646344610065e-01
9.903959518502283288e-01 -4.946892954255937003e-01 3.111420646477747631e+00 -5.174772813362791268e-01
8.788222612513212351e-01 -4.749153882913976776e-01 2.760901559758320634e+00 -4.948678829908656485e-01
8.793772829871921992e-01 -5.811765012167569022e-01 2.762645211966315628e+00 -6.201736738966087126e-01
9.564030887100216649e-01 -2.804387677045787619e-01 3.004628917361991114e+00 -2.842511893843461257e-01
9.406463468619490342e-01 -4.600346743669261329e-01 2.955127652927575621e+00 -4.780342501903362407e-01
9.910306861253033173e-01 -3.568657593409190198e-01 3.113414723013304908e+00 -3.649105753302125943e-01
8.723266447389499412e-01 -3.337917590969465831e-01 2.740494978642518564e+00 -3.403231852238143285e-01
9.173914135200778031e-01 -3.439511701887771888e-01 2.882070125181032338e+00 -3.511215767833900658e-01
9.018946710249604592e-01 -1.419570974155837106e-01 2.833385672803799160e+00 -1.424382558663813414e-01
9.556711486049900284e-01 -1.056878558295941684e-01 3.002329459705156189e+00 -1.058856056332810741e-01
9.088077935375460381e-01 1.207370164968435411e-02 2.855103887702703958e+00 1.207399500810571111e-02
8.764083479967799128e-01 1.077573096793702501e-01 2.753318027611450614e+00 1.079669467489744045e-01
9.345010969979825610e-01 1.846765393549054668e-01 2.935821781100464545e+00 1.857427303962241039e-01
9.540976339659188454e-01 7.426221232176555276e-02 2.997386117674734063e+00 7.433064009258497085e-02
9.535617867435808304e-01 3.765186106628419793e-01 2.995702703977590531e+00 3.860354737247435053e-01
8.954351664529784927e-01 3.640575664005170076e-01 2.813092540694630994e+00 3.726207308756355752e-01
9.662010948988621895e-01 2.596930940141908284e-01 3.035410261624679862e+00 2.627043796680121890e-01
8.970280935532228828e-01 2.442077044261667940e-01 2.818096868770462837e+00 2.467025754495348056e-01
9.000918205627426172e-01 6.518754019923529430e-01 2.827721851036174350e+00 7.100548972124947067e-01
8.746458709029385492e-01 4.862349973515249779e-01 2.747781042521318273e+00 5.077759312889331689e-01
9.943546887435144033e-01 5.796194320462395577e-01 3.123857385219189986e+00 6.182615939369829894e-01
9.199430237780572561e-01 4.974225083317860285e-01 2.890086245222324823e+00 5.206250928901181574e-01
9.641301111400302215e-01 6.997895415138821740e-01 3.028904074262229518e+00 7.751028383318903092e-01
9.246348224751250733e-01 8.261005313534492966e-01 2.904825965541155242e+00 9.721523627677531865e-01
9.575521909046784685e-01 9.046115407890784610e-01 3.008238928374948884e+00 1.130467469007327308e+00
9.738592917726065501e-01 9.732749382461791665e-01 3.059469196662979673e+00 1.339085491430018093e+00
8.754178369347433986e-01 9.978375893276865138e-01 2.750206245335657496e+00 1.505021096522739965e+00
