-8.144492200609891874e-01 -9.383508443089734197e-01 -2.558667686465540214e+00 -1.217828292472500573e+00
-8.643733016466932373e-01 -5.757604893663819112e-01 -2.715508814412405769e+00 -6.135339712727470030e-01
-8.404675690605667437e-01 -1.297289367286429407e-01 -2.640406740541148434e+00 -1.300956013962387969e-01
-8.828884703969341885e-01 2.404943196416113871e-01 -2.773675932538138156e+00 2.428750852660898629e-01
-9.145571715969211812e-01 5.735000691982281573e-01 -2.873166091576747405e+00 6.107720141609582765e-01
-8.224552936551761118e-01 8.647571151883415297e-01 -2.583819508453137459e+00 1.044666519164477725e+00
-6.127137807855571605e-01 -7.948327149179212903e-01 -1.924897112469133420e+00 -9.187318586551886934e-01
-6.680839393706683449e-01 -4.313339271275351550e-02 -2.098847595908220232e+00 -4.314677879407164546e-02
-5.994051522220131822e-01 -4.947974482773289662e-01 -1.883086822744548305e+00 -5.176017324100032901e-01
-7.503569334378878963e-01 2.593555048935423102e-01 -2.357315829658634065e+00 2.623548132019102863e-01
-5.557207098899064057e-01 1.893150051210128471e-01 -1.745848099637834716e+00 1.904644893756984037e-01
-6.540546192814229443e-01 6.714892019281990532e-01 -2.054773186980987543e+00 7.362166424978586754e-01
-6.311745847923522224e-01 9.842254229526115061e-01 -1.982893438716241796e+00 1.392941187566216321e+00
-4.054660765183508708e-01 -6.676872470732408971e-01 -1.273809247269928058e+00 -7.310977484430425388e-01
-3.623850307766660617e-01 -9.626807030186153025e-01 -1.138466150458885107e+00 -1.296738826441344861e+00
-4.607771104772209192e-01 -1.103040290926138312e-02 -1.447573985217569748e+00 -1.103062659930682463e-02
-4.502314129527569264e-01 -3.724060122755263880e-01 -1.414443699347733618e+00 -3.816001668599336427e-01
-3.928730732618910260e-01 3.812103475232631045e-01 -1.234247160752801387e+00 3.911051516586991350e-01
-5.070587318709198765e-01 5.228869070604269531e-01 -1.592971986984238475e+00 5.502342366295797094e-01
-3.451357755163944052e-01 9.033214788639627457e-01 -1.084276016853320757e+00 1.127450492546170135e+00
-1.233825607106651123e-01 -8.499002211983510691e-01 -3.876177463097221776e-01 -1.015795911054897749e+00
-1.203806164956837677e-01 -1.552303512772763572e-01 -3.781868604174503656e-01 -1.558606268627739377e-01
-3.307237675363772222e-01 -2.325269903976590058e-02 -1.038999358459821165e+00 -2.325479495903528052e-02
-2.644955974945286670e-01 -4.831532440452372956e-01 -8.309374259956541220e-01 -5.042526504737917525e-01
-2.636214629842914547e-01 2.578584052526529113e-01 -8.281912514400435743e-01 2.608049925577519135e-01
-3.108020695707176539e-01 6.585394726714071112e-01 -9.764134984838703790e-01 7.188763278029527415e-01
8.581258380509337869e-02 -5.820311674144982295e-01 2.695881828676398029e-01 -6.212243137627688760e-01
5.119835348713808187e-02 -2.835173710331417851e-02 1.608443711910863549e-01 -2.835553676481594385e-02
-8.477067660725223774e-02 -5.106987461609697743e-01 -2.663149348691797313e-01 -5.359973168841408731e-01
-8.249851241316163986e-02 5.734335488475796883e-01 -2.591767205292749843e-01 6.106908154151620138e-01
-5.168291165035587831e-02 1.634547064397287031e-01 -1.623666555568883674e-01 1.641914475812634722e-01
1.288717594210297968e-02 8.381511680437956358e-01 4.048625726522984275e-02 9.938847137223940642e-01
2.538402255682488118e-01 -8.765286744489730886e-01 7.974625878307863847e-01 -1.068602500321700788e+00
2.813731676933497461e-01 -9.997511229128330790e-02 8.839598765427164606e-01 -1.001424081046020098e-01
1.719281908767671396e-01 -2.985861692750682028e-01 5.401283414034353525e-01 -3.032109014031585392e-01
1.391412671063494422e-01 2.369273920110408493e-01 4.371251825524825607e-01 2.392019679788310871e-01
3.047385587107778182e-01 3.995075599198345540e-01 9.573644173113214917e-01 4.109796128467827492e-01
3.048684764183533513e-01 7.988735594905573834e-01 9.577725658270119791e-01 9.254201599482554386e-01
3.999960639281565644e-01 -7.375292151732990575e-01 1.256624695901529920e+00 -8.294042977202291667e-01
3.932532646678121857e-01 -4.367646862804330787e-01 1.235441567280601394e+00 -4.519990318722013067e-01
4.227251889607179791e-01 -4.832914474632832302e-02 1.328030348126348681e+00 -4.834797832918508870e-02
5.543532009282370332e-01 5.313957258515009663e-01 1.741551943530135871e+00 5.602473212327353513e-01
4.818862880981431562e-01 2.643295225147419547e-01 1.513890422554781123e+00 2.675086518061789431e-01
5.037606209658909151e-01 9.682510459729385399e-01 1.582610665994275134e+00 1.318136910178066890e+00
5.366441522137499476e-01 8.090613805565047834e-01 1.685917326186639587e+00 9.425533142842054124e-01
6.828905652998025211e-01 -6.741812022149129557e-01 2.145363983151640674e+00 -7.398555085744309423e-01
5.756498251957573586e-01 -8.890495765821384566e-01 1.808457261875239919e+00 -1.095264948988008857e+00
5.599781132263013106e-01 -1.087311085804230082e-01 1.759223126682821547e+00 -1.089465012254056120e-01
5.591503110638671448e-01 -5.271144853643299211e-01 1.756622509490692652e+00 -5.552014304784842480e-01
7.051487661788795602e-01 -1.844444164233878247e-01 2.215290183515474798e+00 -1.855065501613381296e-01
6.521346438318584848e-01 1.436374020337150004e-01 2.048741406213562932e+00 1.441359588240228307e-01
7.687500766706965027e-01 4.079310330218819391e-01 2.415099593315250370e+00 4.201868241655978276e-01
7.085178374606722063e-01 6.781480008413698357e-01 2.225874433103774752e+00 7.452397126461087762e-01
8.725084782888448132e-01 -6.948075013792596177e-01 2.741066225587044158e+00 -7.681522080114803197e-01
9.588528252177459521e-01 -7.542313026840385959e-03 3.012324991577888689e+00 -7.542384537951485508e-03
8.359450922138809137e-01 -2.074724016565252516e-01 2.626198960503570490e+00 -2.089904285154186303e-01
9.887269310314308335e-01 -3.539988899824630941e-01 3.106177262934725292e+00 -3.618434256779685110e-01
8.931110051033923636e-01 5.081453031368383666e-01 2.805790972473013678e+00 5.330299780932687970e-01
8.342783244071365623e-01 8.701839234860808681e-01 2.620962655006662256e+00 1.055575474222851362e+00
