-9.751241365869436351e-01 -9.409967574172395377e-01 -3.063442823839632290e+00 -1.225563711472122286e+00
-9.932350900574160590e-01 -8.845544214030873764e-01 -3.120340062211974796e+00 -1.085537862624213146e+00
-9.652751254271660919e-01 -8.102720173821380545e-01 -3.032501242734951141e+00 -9.446161170722467970e-01
-9.464442118774323287e-01 -6.333483680632403523e-01 -2.973342183066722821e+00 -6.858723925230008067e-01
-9.907578819142237592e-01 -5.083499532457187442e-01 -3.112557683307909162e+00 -5.332676087263180653e-01
-9.520345514363799388e-01 -5.636936711736009187e-01 -2.990904752756185392e+00 -5.988508558230645207e-01
-9.595679040569358165e-01 -4.665287592312483689e-01 -3.014571478005824812e+00 -4.853622012477939451e-01
-9.672344533192396288e-01 -3.669478792793661182e-01 -3.038656652846662976e+00 -3.757258906153704281e-01
-9.666937133705251206e-01 -2.695083974096141866e-01 -3.036957868196278998e+00 -2.728825031861200068e-01
-9.859660929650633232e-01 -1.874243612085197963e-01 -3.097503834347673735e+00 -1.885393822444516310e-01
-9.636053239647686119e-01 -1.184292383487246525e-01 -3.027255406727729525e+00 -1.187078382376856311e-01
-9.840816985733966682e-01 -4.967618703388998469e-02 -3.091583834770348371e+00 -4.969664093844033265e-02
-9.619399977219140752e-01 3.092793709908470134e-02 -3.022023630037347530e+00 3.093286984351198074e-02
-9.836581021195487384e-01 1.375162844632380477e-01 -3.090253067262852760e+00 1.379534370572280677e-01
-9.965348108839418018e-01 3.107638202084568313e-01 -3.130706440919485356e+00 3.159965361623366387e-01
-9.625653225994399431e-01 3.096361985296951502e-01 -3.023988146078689709e+00 3.148104040627855427e-01
-9.671933264761052307e-01 2.188838403931432364e-01 -3.038527449058406660e+00 2.206704253665036086e-01
-9.519248305817735734e-01 4.817022366450560700e-01 -2.990560054525408074e+00 5.025961275132165840e-01
-9.875780769964310757e-01 4.414357716944550258e-01 -3.102568031538322835e+00 4.571981597071081982e-01
-9.458522236193303012e-01 3.967255760186005897e-01 -2.971482397104058482e+00 4.079469300514009245e-01
-9.622526869242706837e-01 5.681610529054286207e-01 -3.023005972138328001e+00 6.042694588412251822e-01
-9.986931056540633289e-01 7.607519280432124553e-01 -3.137486923913580306e+00 8.644708482532326155e-01
-9.635141431328182460e-01 6.864298816672929071e-01 -3.026968953695926334e+00 7.565681734490540267e-01
-9.558898350513400644e-01 7.693223761665457516e-01 -3.003016483438448958e+00 8.777797979212227375e-01
-9.972844549090458255e-01 8.190720808723082058e-01 -3.133061517081559444e+00 9.597916905096082196e-01
-9.789728727905850914e-01 9.279719727590443057e-01 -3.075533985222597355e+00 1.188933254896505476e+00
-9.167356862411157881e-01 -8.877157360993708224e-01 -2.880010097178686834e+00 -1.092359622657739227e+00
-9.027749084255487499e-01 -8.328763813419395312e-01 -2.836151020154902280e+00 -9.842846404505749547e-01
-9.348111606754154757e-01 -7.067824770211981189e-01 -2.936795874871632961e+00 -7.849396331573981200e-01
-9.106008476131106644e-01 -7.560750763496160154e-01 -2.860736933213987143e+00 -8.572951943945156250e-01
-9.117227353756758301e-01 -5.669058318302300226e-01 -2.864261447567014063e+00 -6.027449299738354416e-01
-9.015908434404045213e-01 -4.888517328701380560e-01 -2.832431170296199952e+00 -5.107730004585565586e-01
-9.256731856002358150e-01 -4.296644786518806214e-01 -2.908088079506761847e+00 -4.441211764345314728e-01
-9.002445055355108305e-01 -3.525766022191469951e-01 -2.828201525024936824e+00 -3.603230990095750430e-01
-9.236374673141787284e-01 -2.321160097637269271e-01 -2.901692681894506354e+00 -2.342525449321739839e-01
-8.935567182977788292e-01 -2.505913659623362211e-01 -2.807191221770106271e+00 -2.532910634849986908e-01
-9.406406503294673094e-01 -3.287599739745381555e-01 -2.955109756742980043e+00 -3.349902628299526453e-01
-8.914072320361241530e-01 -7.232186301361420711e-02 -2.800438411521499749e+00 -7.238505787278963488e-02
-9.312295093633309317e-01 -3.197500267467701107e-02 -2.925543785421867771e+00 -3.198045372767004124e-02
-9.186958426574403092e-01 -1.453479785321183382e-01 -2.886168110176098978e+00 -1.458646769455167191e-01
-9.196523932293871884e-01 5.975168922394602511e-02 -2.889173202425714404e+00 5.978730135659308942e-02
-8.889520318374752872e-01 3.015966797479818773e-02 -2.792725172614332063e+00 3.016424208100528664e-02
-8.906421452900621372e-01 2.837387767317387510e-01 -2.798034820620712182e+00 2.876908926307893410e-01
-8.901026424047144836e-01 1.833746064165440171e-01 -2.796339922319513782e+00 1.844181758901736745e-01
-9.352940143244947713e-01 1.743221799748277956e-01 -2.938312804348339302e+00 1.752173664338330383e-01
-9.303374186536146340e-01 3.099645707427960417e-01 -2.922741199801887291e+00 3.151557676046100043e-01
-9.150662897479491242e-01 4.253274951522243441e-01 -2.874765533419826102e+00 4.393237121518106525e-01
-9.131406542494497902e-01 5.143020875437911421e-01 -2.868715971084248917e+00 5.401936619468213907e-01
-9.251875267962876848e-01 6.576061752514872349e-01 -2.906562337376127125e+00 7.176368134889363759e-01
-9.190901726402613825e-01 7.379309628191148551e-01 -2.887406934353220045e+00 8.299993950135166054e-01
-9.117786535284930771e-01 7.954425883920606122e-01 -2.864437119625107275e+00 9.197375388693451725e-01
-9.404135724870934521e-01 8.711682453131017745e-01 -2.954396370661585003e+00 1.057576714106456706e+00
-9.137593680966784593e-01 9.521144564652179731e-01 -2.870659717961376423e+00 1.260078863642974278e+00
-8.841993504738119292e-01 -9.468620710651001193e-01 -2.777794183757394286e+00 -1.243335427873362597e+00
-8.427075576901654763e-01 -9.187470436561273601e-01 -2.647443872364020567e+00 -1.164895403810894958e+00
-8.540122857411298618e-01 -8.691823277277654913e-01 -2.682958722959760678e+00 -1.053546348701245527e+00
-8.412478850198472635e-01 -7.925442745684549983e-01 -2.642858175426303191e+00 -9.149699701015797659e-01
-8.417239360609314325e-01 -7.048813449337683057e-01 -2.644353733879706958e+00 -7.822558531481080824e-01
-8.771495224865297757e-01 -6.675514852990320769e-01 -2.755646495943476992e+00 -7.309153961679127898e-01
-8.585211187841450542e-01 -5.136627819722483501e-01 -2.697123639723960409e+00 -5.394483774123206565e-01
-8.730987619954608814e-01 -5.793683097060466913e-01 -2.742920656543283098e+00 -6.179534595149328569e-01
-8.560094222668648278e-01 -4.023411424256149171e-01 -2.689232912397225395e+00 -4.140726701044198932e-01
-8.704106096218102717e-01 -3.140205275099503535e-01 -2.734475576794492380e+00 -3.194248201325513570e-01
-8.344148231428687446e-01 -2.903907786274031455e-01 -2.621391478432062883e+00 -2.946351887797247771e-01
-8.447707474307908360e-01 -1.563217748158824971e-01 -2.653925574096131168e+00 -1.569655387879502484e-01
-8.500928548174899735e-01 -2.953755748398445569e-02 -2.670645467563800945e+00 -2.954185426333962722e-02
-8.757324774123118605e-01 -1.651802844937630965e-01 -2.751194717548508528e+00 -1.659408039966165094e-01
-8.495151099620672497e-01 9.786877998596343886e-02 -2.668830428570355906e+00 9.802569332270702485e-02
-8.568642881160792868e-01 2.763800720632347829e-01 -2.691918552668922437e+00 2.800254132981201960e-01
-8.834011175198621668e-01 3.820804138508175907e-01 -2.775286460973412250e+00 3.920464673238373554e-01
-8.580708252005730952e-01 4.308339173216093609e-01 -2.695709000709852088e+00 4.454166518405721087e-01
-8.540377555884122174e-01 6.297609656427061164e-01 -2.683038738844871318e+00 6.812454520684727566e-01
-8.561888747249848386e-01 5.120021475333300653e-01 -2.689796678921323903e+00 5.375140072126685098e-01
-8.851179373980335718e-01 5.921961628176528603e-01 -2.780680009690212451e+00 6.337815849336909668e-01
-8.764415413714650160e-01 7.619547912498352282e-01 -2.753422307673509373e+00 8.663261546944147629e-01
-8.855084787736768881e-01 6.758008542450499867e-01 -2.781906931606856759e+00 7.420506783195522926e-01
-8.546915443102884868e-01 8.460890769148503576e-01 -2.685092676690517433e+00 1.008605003264939182e+00
-8.654993479821220248e-01 9.253058809196597068e-01 -2.719046393307390286e+00 1.181841403933729051e+00
-8.077402150412611448e-01 -8.382586466378303403e-01 -2.537590725582665740e+00 -9.940817936296375557e-01
-7.836477803600570002e-01 -7.916173332741505142e-01 -2.461902109781102688e+00 -9.134514295466394929e-01
-7.937553330800604101e-01 -7.091105030343560767e-01 -2.493655923152036991e+00 -7.882358841451930775e-01
-8.049680442071536213e-01 -6.270739540075640495e-01 -2.528881694055737483e+00 -6.777911551838046167e-01
-8.268610225766008792e-01 -5.456029474511236987e-01 -2.597660514066393311e+00 -5.771084164617337198e-01
-8.231850224334518185e-01 -4.264758690212830938e-01 -2.586112019022081210e+00 -4.405929570381246219e-01
-7.976559521096562300e-01 -4.859965512399320176e-01 -2.505910079239867638e+00 -5.075030766876432731e-01
-7.989924759108288921e-01 -3.259155988005315585e-01 -2.510108892594979935e+00 -3.319800454605350559e-01
-7.816358494715422989e-01 -2.274146302677679810e-01 -2.455581442482214882e+00 -2.294219219133518117e-01
-7.926219543365016218e-01 -8.122209894642495875e-02 -2.490095308817537934e+00 -8.131166920115470709e-02
-8.069673968920529905e-01 -1.734603966801004926e-01 -2.535162845762552575e+00 -1.743422505923872545e-01
-8.227562724854349252e-01 -9.731586970098526912e-02 -2.584765061335164482e+00 -9.747013104041349352e-02
-7.988821150029850049e-01 1.382110577649431349e-01 -2.509762183577653794e+00 1.386549085751059840e-01
-8.286772831007485074e-01 1.685289321615506264e-01 -2.603366464786060597e+00 1.693370638439788689e-01
-8.188960538305791736e-01 1.797577197286237549e-03 -2.572637826767819380e+00 1.797578165367985344e-03
-7.911286285341614377e-01 4.043695728274965262e-02 -2.485403887447489968e+00 4.044798546442611442e-02
-8.044993746174977645e-01 3.164265807110289153e-01 -2.527409325115913763e+00 3.219601308072060908e-01
-8.276819985396062229e-01 3.690869794231592671e-01 -2.600239686120544569e+00 3.780264470526401022e-01
-7.822897650049356333e-01 3.726700846166206560e-01 -2.457635778717991215e+00 3.818847223857341211e-01
-8.100045735203846853e-01 4.387411690930811403e-01 -2.544704417545773811e+00 4.541973344039903493e-01
-7.825097908850919826e-01 4.782041007701864910e-01 -2.458327010406690327e+00 4.986087072942018139e-01
-8.175973788839476786e-01 5.672146409186074045e-01 -2.568557919096080777e+00 6.031198455606920916e-01
-7.822394886507975098e-01 6.522741169710914999e-01 -2.457477830893181725e+00 7.105807991264176948e-01
-7.961027163115872440e-01 7.202391700063639490e-01 -2.501030445067361718e+00 8.041470188265411601e-01
-8.118973926899155646e-01 8.178993230432665129e-01 -2.550650884343346192e+00 9.577504296427651331e-01
-8.117724096074621087e-01 8.773538354435883591e-01 -2.550258238409687461e+00 1.070319450510505588e+00
-7.575770006572688509e-01 -8.981075706566197248e-01 -2.379998339793465867e+00 -1.115447257502792278e+00
-7.223065296537316549e-01 -8.573827181637372341e-01 -2.269192887200101261e+00 -1.030162659773658618e+00
-7.414953204775125428e-01 -7.584321844791319656e-01 -2.329476251483362681e+00 -8.609041961689001266e-01
-7.557121430931079686e-01 -6.700519432718836654e-01 -2.374139716969906555e+00 -7.342787600209831345e-01
-7.502674518185714625e-01 -5.028021189851674677e-01 -2.357034714860758218e+00 -5.268374174139888177e-01
-7.704816180955531557e-01 -5.894748203308044499e-01 -2.420539391134966412e+00 -6.304085400062566791e-01
-7.632189045832393770e-01 -4.289624226325852163e-01 -2.397722903719554211e+00 -4.433438396367898604e-01
-7.477063864989104136e-01 -1.828814077488511991e-01 -2.348988890867147461e+00 -1.839164933010601632e-01
-7.426154004555789445e-01 -3.407287561188023783e-01 -2.332995086513889316e+00 -3.476919279319167777e-01
-7.671975399965733633e-01 -2.352154008639795180e-02 -2.410222155505396202e+00 -2.352370955894761764e-02
-7.398764528602708168e-01 -8.083916302220983674e-02 -2.324390428869901548e+00 -8.092746987796778368e-02
-7.350497266616327074e-01 1.115179677263022917e-02 -2.309226821303370869e+00 1.115202792992021907e-02
-7.645939445449081440e-01 1.323996489885741479e-01 -2.402042719161525230e+00 1.327895528804467484e-01
-7.340150738692095000e-01 1.326752504051624815e-01 -2.305976363691677911e+00 1.330676072944677601e-01
-7.605875699520874278e-01 2.411727023502610034e-01 -2.389456322173190816e+00 2.435740407368963967e-01
-7.408882885578005340e-01 3.030679777160052435e-01 -2.327569204463900920e+00 3.079104021617360409e-01
-7.390911460443296832e-01 4.865697133512252304e-01 -2.321923314746126898e+00 5.081590177234981409e-01
-7.497755694851431230e-01 4.107497148232321926e-01 -2.355489420935628964e+00 4.232761928407496876e-01
-7.541116607466107347e-01 5.793522308198788551e-01 -2.369111653387950600e+00 6.179337325527828328e-01
-7.350967583099903280e-01 7.039342989500818604e-01 -2.309374575584337119e+00 7.809216008303120349e-01
-7.479617432996916726e-01 8.249861577431751858e-01 -2.349791117916526062e+00 9.701777065511368869e-01
-7.579370237216136452e-01 7.710007960069156230e-01 -2.381129385607534399e+00 8.804111775847384136e-01
-7.636314618466137905e-01 9.060192169765113324e-01 -2.399018990587356459e+00 1.133781698002992000e+00
-7.750803406208286450e-01 9.642458871049641722e-01 -2.434986704036269600e+00 1.302582876821595903e+00
-7.110065256770932152e-01 -9.785183593159880733e-01 -2.233692877721558556e+00 -1.363147611546053684e+00
-7.160560458026214992e-01 -9.552587947980124561e-01 -2.249556413052072212e+00 -1.270533531431676133e+00
-7.030136835941607210e-01 -9.193210713407751200e-01 -2.208582623752514795e+00 -1.166351670694700804e+00
-7.009750282075193351e-01 -7.984569277477062688e-01 -2.202177998966640793e+00 -9.247278224381894063e-01
-6.697913705831517461e-01 -8.470593366222873843e-01 -2.104211649261868100e+00 -1.010427874290271033e+00
-7.161000196550917352e-01 -6.848592833681672598e-01 -2.249694560983942715e+00 -7.544105683884347879e-01
-7.008816107335809065e-01 -7.428963980623999319e-01 -2.201884519316799071e+00 -8.373868485149233987e-01
-6.756719944349562912e-01 -6.001819670150376762e-01 -2.122686173953222344e+00 -6.437285869689134410e-01
-7.079718624744717470e-01 -5.541460283565919909e-01 -2.224159202098083821e+00 -5.873367244081683092e-01
-6.806599387089729003e-01 -5.091590471725904177e-01 -2.138356263040988026e+00 -5.342074194416484012e-01
-7.172904286392551843e-01 -3.840594869162277103e-01 -2.253434341103357941e+00 -3.941889726936632643e-01
-6.687418448032225182e-01 -4.348968647906359397e-01 -2.100914466781889534e+00 -4.499237400445925128e-01
-7.188202780774843870e-01 -4.820564855156734829e-01 -2.258240504859597042e+00 -5.030004115645060336e-01
-6.849395962428204143e-01 -3.512425386997686250e-01 -2.151801203709203580e+00 -3.588978690752858136e-01
-6.811714863827442734e-01 -1.800571527387202497e-01 -2.139963337454869219e+00 -1.810445532924916390e-01
-7.154409940418793301e-01 -2.601638615003907251e-01 -2.247624170958947065e+00 -2.631919044233668181e-01
-6.810504556227039430e-01 -2.667277199893951511e-01 -2.139583108108268128e+00 -2.699961435882048399e-01
-7.038934741734792500e-01 -9.634565987987619984e-02 -2.211346567373199345e+00 -9.649534050312101596e-02
-6.678016751980766497e-01 -5.330246773880897848e-02 -2.097960836857234668e+00 -5.332774014168789600e-02
-7.057351400838181021e-01 1.012605792201162203e-01 -2.217132331467486672e+00 1.014344319560699648e-01
-6.954983985277880532e-01 5.289232356378015254e-03 -2.184972659398364936e+00 5.289257018597311524e-03
-6.753487611419242143e-01 1.449445747105566618e-01 -2.121670706614437130e+00 1.454569554347169003e-01
-7.112712951912618653e-01 2.287334826781546315e-01 -2.234524675682165284e+00 2.307764753392186896e-01
-6.726680254090795508e-01 3.360820804999473665e-01 -2.113248926929916394e+00 3.427539043997558932e-01
-7.134945030416115497e-01 3.450031449566943742e-01 -2.241509089132227128e+00 3.522421357785424645e-01
-6.929067472997492150e-01 4.068432646351778370e-01 -2.176830746939691252e+00 4.189957353384021199e-01
-6.725964192496740601e-01 4.733954767498875782e-01 -2.113023969545576364e+00 4.931415758011155059e-01
-7.055207098634570517e-01 5.026699183518332781e-01 -2.216458679062492720e+00 5.266844853016480199e-01
-7.188095426848926106e-01 5.806266504263408734e-01 -2.258206778629097577e+00 6.194981597562094766e-01
-6.827079800563597978e-01 5.695687643543447809e-01 -2.144790374692187029e+00 6.059811062655281466e-01
-6.834663798316464867e-01 7.505386613795133055e-01 -2.147172957854711850e+00 8.488768348839914601e-01
-6.758012203410148633e-01 6.470325985460974039e-01 -2.123092149110349158e+00 7.036861124616151653e-01
-6.880827840686243313e-01 8.809302298631844774e-01 -2.161675819491601924e+00 1.077824255074392834e+00
-6.889862273794133962e-01 9.481861953343313498e-01 -2.164514070359711884e+00 1.247477484232089040e+00
-6.237480818199159227e-01 -9.474989361400065757e-01 -1.959562391536173065e+00 -1.245321290203624365e+00
-6.145787090564682753e-01 -9.119443193238010448e-01 -1.930755957424499680e+00 -1.147997998912529072e+00
-6.446308236384232782e-01 -7.610526048375629848e-01 -2.025167459820008009e+00 -8.649342360317037182e-01
-6.504167592158083266e-01 -6.967344947574589664e-01 -2.043344512524064793e+00 -7.708350606026809215e-01
-6.286266765511470123e-01 -6.401374297529658364e-01 -1.974888948903650521e+00 -6.946771366314877794e-01
-6.380477306511833646e-01 -5.480136658757619461e-01 -2.004486063253396733e+00 -5.799877210598710642e-01
-6.442875541202459644e-01 -3.726691112089437485e-01 -2.024089046823501103e+00 -3.818836734144679390e-01
-6.312570256885712272e-01 -4.636592728628139426e-01 -1.983152434430158761e+00 -4.821207981855377134e-01
-6.221186762863470943e-01 -1.850803174482131830e-01 -1.954443463082194743e+00 -1.861535911575406821e-01
-6.266526666571794468e-01 -2.726103827799355450e-01 -1.968687413922648455e+00 -2.761051371752243355e-01
-6.347552142857173507e-01 -7.259894187034721114e-02 -1.994142318027824601e+00 -7.266286701009042059e-02
-6.522897835819205792e-01 -1.472661659006695434e-01 -2.049228792112637532e+00 -1.478037303553406401e-01
-6.217006526317014892e-01 1.198134042197145366e-01 -1.953130203039733281e+00 1.201019305727319963e-01
-6.533678783936915924e-01 2.827860751436084286e-02 -2.052615726853170841e+00 2.828237784241976333e-02
-6.564730079434153431e-01 2.458819271948144980e-01 -2.062370779035027635e+00 2.484294477769918297e-01
-6.429485850158191962e-01 3.724626826570438531e-01 -2.019882551321650066e+00 3.816612302293053149e-01
-6.237701756299078859e-01 4.587024466382207954e-01 -1.959631801287333719e+00 4.765344085726315182e-01
-6.209621088784040843e-01 5.940688396782154435e-01 -1.950809999410019424e+00 6.361075899829734537e-01
-6.474634307570616976e-01 5.335180848401359643e-01 -2.034066357534428882e+00 5.627546664629226036e-01
-6.189456265890034281e-01 7.236833966041571475e-01 -1.944475033463544555e+00 8.091247254902453889e-01
-6.630898406096610298e-01 8.247246257710323381e-01 -2.083158171929337943e+00 9.697150995473252655e-01
-6.336268268276807891e-01 9.211902139741026119e-01 -1.990597384279253923e+00 1.171128285278525860e+00
-5.790607235325864188e-01 -9.711694581467795739e-01 -1.819172915032363669e+00 -1.330088411481963551e+00
-6.099396679060165027e-01 -8.079471913186213605e-01 -1.916181979826539594e+00 -9.406600114235701415e-01
-5.568886533318648802e-01 -8.602621934022680605e-01 -1.749517302174899758e+00 -1.035783703636989017e+00
-5.574305311639764504e-01 -7.992525156769467731e-01 -1.751219661591404630e+00 -9.260504434507230709e-01
-5.872375918770134096e-01 -7.186048547031653744e-01 -1.844861304552586567e+00 -8.017940388536429763e-01
-5.716355611203962628e-01 -6.516695768364064723e-01 -1.795846079346516078e+00 -7.097835084853942877e-01
-5.916130606988936336e-01 -5.841663554881628695e-01 -1.858607245259416674e+00 -6.238525588175378722e-01
-5.801573938890800530e-01 -4.789748027263087682e-01 -1.822618206567733878e+00 -4.994864612177534191e-01
-5.574738455309145024e-01 -3.677287391952617224e-01 -1.751355737688372161e+00 -3.765654460720398444e-01
-6.022962789823222973e-01 -4.032145593986835586e-01 -1.892169565335332315e+00 -4.150269136923175894e-01
-5.978348942131268551e-01 -3.027009383947298904e-01 -1.878153711719590557e+00 -3.075252722392384785e-01
-5.646972519433293147e-01 -2.106556453405872276e-01 -1.774048738207507858e+00 -2.122456068746725599e-01
-5.581214541939356621e-01 -2.524349097505318440e-03 -1.753390260306520565e+00 -2.524351778514107112e-03
-6.099705504817671819e-01 -1.638923126948488296e-02 -1.916279000299641710e+00 -1.638996506829004662e-02
-5.791732827639575198e-01 -1.197823336386021342e-01 -1.819526530286732946e+00 -1.200706346075623154e-01
-5.792406028350864933e-01 7.369649851059412171e-02 -1.819738022527630728e+00 7.376337182993007724e-02
-5.573274794323590520e-01 1.622544876979510331e-01 -1.750895915028415795e+00 1.629749891364206393e-01
-5.746453545098841875e-01 2.581620582345653947e-01 -1.805301624147754413e+00 2.611192868597283501e-01
-6.038691440100734109e-01 2.255570887354561016e-01 -1.897110866551603436e+00 2.275148230474443867e-01
-5.682374158787080187e-01 4.367789145968123954e-01 -1.785170491219397082e+00 4.520148486283995237e-01
-6.105971527144140598e-01 3.702284599852496694e-01 -1.918247529270448171e+00 3.792549446647512923e-01
-5.796666253161453231e-01 3.465443150352345292e-01 -1.821076411624389380e+00 3.538846178008183130e-01
-5.886038506699318162e-01 5.169498052127909915e-01 -1.849153533139321404e+00 5.432838547928138251e-01
-5.932714809338006656e-01 6.758595664128850267e-01 -1.863817326085965176e+00 7.421303358502054914e-01
-5.614327141838999502e-01 7.398505201088623195e-01 -1.763792890365118105e+00 8.328481458884374744e-01
-6.110844649077216140e-01 8.354329222502794305e-01 -1.919778465676947876e+00 9.889200293932207675e-01
-5.563394878157179591e-01 8.500667650566469113e-01 -1.747792047823767847e+00 1.016112047952160813e+00
-5.960344335595015863e-01 7.791991010083307856e-01 -1.872497397757083792e+00 8.933869939579505148e-01
-6.048589761571947498e-01 8.837709041967110046e-01 -1.900220515953286782e+00 1.083860736760354104e+00
-5.362050497265471449e-01 -9.053078889087953218e-01 -1.684537845038670323e+00 -1.132104023045799046e+00
-5.205008460825892858e-01 -9.396779164334521095e-01 -1.635201634240334156e+00 -1.221687486284479096e+00
-5.474284202430521606e-01 -7.070474958001358168e-01 -1.719797103401838667e+00 -7.853143247142985173e-01
-5.282944220086265297e-01 -6.345518105406235954e-01 -1.659685875114766951e+00 -6.874284868622507760e-01
-5.254744913778754967e-01 -5.423855551093814675e-01 -1.650826801761566820e+00 -5.732740234284426917e-01
-5.471352950536905180e-01 -4.673072475094135481e-01 -1.718876223460358066e+00 -4.862425447767995124e-01
-5.151138766650265044e-01 -4.423211117302756623e-01 -1.618277970693005940e+00 -4.581850784820094002e-01
-5.143978344401054503e-01 -1.993972360497824337e-01 -1.616028457699533849e+00 -2.007427659928208985e-01
-5.297000544410350731e-01 -3.370798065302440527e-01 -1.664101799638069146e+00 -3.438134501831173195e-01
-5.274348177797596460e-01 -4.891282293530352376e-02 -1.656985348784364209e+00 -4.893234765979487255e-02
-5.445585155013350498e-01 -1.287358423982878364e-01 -1.710781031748757730e+00 -1.290941088412560223e-01
-5.364968153167655185e-01 8.686500298048849267e-02 -1.685454453673470576e+00 8.697461597562529401e-02
-5.123473841118342254e-01 1.356423664140307128e-01 -1.609586778011686370e+00 1.360617923702403809e-01
-5.093062229712337352e-01 2.954197854313322935e-02 -1.600032688513993051e+00 2.954627725265514260e-02
-5.289303388132495787e-01 3.220571926128010798e-01 -1.661683666676465165e+00 3.279016543359659086e-01
-5.261007655776943626e-01 2.151394240839747951e-01 -1.652794300186850585e+00 2.168345948120544986e-01
-5.158941110810892905e-01 4.701118261031798085e-01 -1.620729149402586833e+00 4.894174735286982436e-01
-5.054894086648733520e-01 5.418628668146159288e-01 -1.588041812729014790e+00 5.726519963766851795e-01
-5.502411233629806997e-01 5.961592013578809190e-01 -1.728633470860135191e+00 6.387087048055334337e-01
-5.419216003430780138e-01 6.769758009826443157e-01 -1.702496918459437847e+00 7.436458922709072716e-01
-5.142007784306823481e-01 7.789937304552059238e-01 -1.615409387987984724e+00 8.930593991122256492e-01
-5.128310648291634077e-01 9.224697215145363227e-01 -1.611106305799930638e+00 1.174429461947548603e+00
-5.178787606342005745e-01 8.818338969618602086e-01 -1.626964109858591412e+00 1.079737169516694184e+00
-4.523058419937298069e-01 -9.618601327213203156e-01 -1.420960710383247338e+00 -1.293723032208388357e+00
-4.551698453719192905e-01 -8.763242153106707288e-01 -1.429958242356023757e+00 -1.068177902248781175e+00
-4.887135826330646360e-01 -8.243729037936544657e-01 -1.535339000909584195e+00 -9.690934528868095921e-01
-4.494604678324314317e-01 -6.878188539323730755e-01 -1.412021703821398022e+00 -7.584799379731452795e-01
-4.814109795827423710e-01 -7.492322597172020870e-01 -1.512397196814609268e+00 -8.469021273355886725e-01
-4.962975573329286849e-01 -6.929429000000788541e-01 -1.559164760111687809e+00 -7.655628237807698966e-01
-4.814632271890209037e-01 -5.700700661627911003e-01 -1.512561337510661685e+00 -6.065911332367508457e-01
-4.555783168773290814e-01 -5.045386736483612466e-01 -1.431241493436619994e+00 -5.288475615145845632e-01
-4.488071162650293378e-01 -3.906309138642802825e-01 -1.409969139337036381e+00 -4.013168612760794618e-01
-4.910754870424274277e-01 -4.935625580633038467e-01 -1.542759142450519594e+00 -5.161812725565387838e-01
-4.871392069614493003e-01 -3.498452822413518071e-01 -1.530392953865646888e+00 -3.574059442803047548e-01
-4.580957254564521630e-01 -3.076500922962246420e-01 -1.439150165734876863e+00 -3.127223543974222419e-01
-4.689740132389224048e-01 -2.194184217123180680e-01 -1.473325314715921097e+00 -2.212183256420917066e-01
-4.990840364905948512e-01 -2.719157669130460864e-01 -1.567918742562792955e+00 -2.753832504691312022e-01
-4.997509715069783365e-01 -7.780087615047648342e-02 -1.570013980710685209e+00 -7.787957852241637891e-02
-4.738734680127802967e-01 -1.125832781500084590e-01 -1.488717405840068508e+00 -1.128224770800277804e-01
-4.799724003956551410e-01 -1.200355917966877684e-02 -1.507877767008849013e+00 -1.200384745469742359e-02
-4.508819296048698355e-01 1.065931523111585122e-02 -1.416487357683049231e+00 1.065951709511532217e-02
-4.686278391560532164e-01 1.719270412821944927e-01 -1.472237776760316086e+00 1.727855058273018718e-01
-4.877964060251507306e-01 8.617118342428042865e-02 -1.532457605616117435e+00 8.627818498356142063e-02
-4.541712226070073744e-01 3.117435192812114675e-01 -1.426820976414068909e+00 3.170274437002588708e-01
-4.901690150696929038e-01 2.386604072213247552e-01 -1.539911376760291883e+00 2.409861619322723192e-01
-4.704760780100158968e-01 4.506163086258512251e-01 -1.478044190366004429e+00 4.674555923124523726e-01
-4.872728680210349772e-01 3.605259977275314665e-01 -1.530812862468512225e+00 3.688317539711833959e-01
-4.550973677149969809e-01 5.285818997228504124e-01 -1.429730547081487169e+00 5.569291448675725009e-01
-4.851126343763958459e-01 6.071711958350138882e-01 -1.524026288320476485e+00 6.524955622297710089e-01
-4.973845778995167333e-01 7.024742582042360350e-01 -1.562579735937982051e+00 7.788680611998560765e-01
-4.591076395002795518e-01 7.490426582350806495e-01 -1.442329187461029338e+00 8.466158995067389892e-01
-4.864826131997668224e-01 8.415123502431114400e-01 -1.528330203727552350e+00 1.000076564362580411e+00
-4.501569353749985680e-01 8.842830935258578773e-01 -1.414209721136590714e+00 1.084956479929759299e+00
-4.935643994900260623e-01 9.599341979177673512e-01 -1.550578291511323759e+00 1.286767304749076191e+00
-3.924734481189160462e-01 -9.280027979578080455e-01 -1.232991701339441359e+00 -1.189015982321067977e+00
-4.091767430694304153e-01 -8.177393534045662715e-01 -1.285466650046720893e+00 -9.574724512263323994e-01
-4.322072548502935430e-01 -7.667454178655919161e-01 -1.357819136665893600e+00 -8.737558588926731540e-01
-4.235569612377119153e-01 -5.663561343030483197e-01 -1.330643437801212414e+00 -6.020777983656170340e-01
-4.234969527271599254e-01 -6.362369323529732945e-01 -1.330454915505309588e+00 -6.896107575922924005e-01
-4.137171708599063358e-01 -4.123230179748265112e-01 -1.299730824637435056e+00 -4.250024545966740730e-01
-4.098873954951391951e-01 -2.800841389206700782e-01 -1.287699230486583302e+00 -2.838817550377326637e-01
-4.341334148533149140e-01 -2.254446515679517926e-01 -1.363870346781024034e+00 -2.273994132662546519e-01
-4.412138845363693385e-01 -9.863393481839932697e-02 -1.386114298321273086e+00 -9.879456827568278143e-02
-3.896458831566398384e-01 -1.702475262164708791e-01 -1.224108644026406623e+00 -1.710808569860693129e-01
-4.124786145804069104e-01 -9.950629481461903403e-02 -1.295839785328702032e+00 -9.967124113204786640e-02
-4.186338873587245324e-01 4.130612525295229709e-02 -1.315177145069905906e+00 4.131788033810580157e-02
-4.310469597080748283e-01 1.265205361120094185e-01 -1.354173961971103513e+00 1.268605361002243526e-01
-4.115642134812487196e-01 2.976781648936361879e-01 -1.292967109553152305e+00 3.022596378880924584e-01
-4.216966247380267152e-01 2.176151289400554134e-01 -1.324799018320596655e+00 2.193703734695720553e-01
-4.324804894752369844e-01 4.699613517030163390e-01 -1.358677528556322400e+00 4.892469926770826039e-01
-3.992158829314893520e-01 4.278615138248660354e-01 -1.254173685013929784e+00 4.421254587211739806e-01
-4.370159096574590674e-01 3.891287756559382860e-01 -1.372925971281734103e+00 3.996856370887272858e-01
-4.369046774363622987e-01 6.041668220879214957e-01 -1.372576524953094124e+00 6.487198733831959219e-01
-4.131557143469275495e-01 7.610845310944862607e-01 -1.297966956980950659e+00 8.649834539485953266e-01
-4.369565722386916651e-01 6.912963765051425291e-01 -1.372739557282851575e+00 7.632816322046837021e-01
-3.901621784840334506e-01 6.581555219130930112e-01 -1.225730633634029232e+00 7.183662393737665353e-01
-4.408242077222417343e-01 8.073082887590519174e-01 -1.384890092504735604e+00 9.395765609929256357e-01
-3.890464065242735803e-01 8.754939607380378686e-01 -1.222225332642165929e+00 1.066457080137731106e+00
-4.248078175258005462e-01 9.206588208222528102e-01 -1.334573118726568364e+00 1.169764831326678856e+00
-3.838470507258511244e-01 -8.666856961135120940e-01 -1.205891074662442497e+00 -1.048519650004681614e+00
-3.829022878063379487e-01 -7.431110298843939255e-01 -1.202923014415115954e+00 -8.377075356524963379e-01
-3.762005896937403726e-01 -6.751560154503968292e-01 -1.181869008858002834e+00 -7.411761779364878233e-01
-3.361508472603844666e-01 -7.533670392725264620e-01 -1.056049032251208386e+00 -8.531673628793788877e-01
-3.886343731854364769e-01 -5.166275679215928118e-01 -1.220930891731841328e+00 -5.429074590383393684e-01
-3.790176712321848829e-01 -6.049819284706681177e-01 -1.190719131523743535e+00 -6.497431711226634432e-01
-3.338222432380366644e-01 -4.943705375334592755e-01 -1.048733506961480932e+00 -5.171105391106318727e-01
-3.638235034405616908e-01 -3.773880978900459038e-01 -1.142985245612169409e+00 -3.869742094265025689e-01
-3.346576900128994669e-01 -1.792883065195340908e-01 -1.051358140411855269e+00 -1.802629882060351740e-01
-3.675072529197360716e-01 -2.480567688246539948e-01 -1.154558085913608867e+00 -2.506738129975061846e-01
-3.470612981848808509e-01 -3.090156928688965188e-01 -1.090325224722958231e+00 -3.141578968748364176e-01
-3.807118167285805654e-01 -3.689171039280680908e-02 -1.196041446569332312e+00 -3.690008378125824579e-02
-3.562389771537777250e-01 -9.952087453081381874e-02 -1.119157753548650325e+00 -9.968589358001131440e-02
-3.358842063086109331e-01 -3.971567185605318073e-02 -1.055211354995970519e+00 -3.972612009108702352e-02
-3.819484962597401445e-01 1.068313939189156070e-01 -1.199926589899268148e+00 1.070356548844101224e-01
-3.484172511255041460e-01 4.727332707447717830e-02 -1.094585076519833944e+00 4.729095228707074633e-02
-3.510441998652584772e-01 2.026108482902200247e-01 -1.102837879382003061e+00 2.040233349169021382e-01
-3.769534051409164643e-01 2.622197071520804279e-01 -1.184234048336360035e+00 2.653216816612843920e-01
-3.513138790044421089e-01 3.626083771603620942e-01 -1.103685101384488831e+00 3.710652380370508263e-01
-3.410463619622878806e-01 4.860703518493600939e-01 -1.071428745274249028e+00 5.075875225215211728e-01
-3.873923214622410072e-01 5.136129252704288994e-01 -1.217028871162871839e+00 5.393902698479507984e-01
-3.711519480101117541e-01 5.993523229163413291e-01 -1.166008233234107960e+00 6.426917579936057834e-01
-3.523074703158013410e-01 6.788315275172156493e-01 -1.106806560548925678e+00 7.461701749294814556e-01
-3.581454522313671784e-01 7.405022936591094673e-01 -1.125147121646657311e+00 8.338174518432893700e-01
-3.860775355685603927e-01 8.244337025133590124e-01 -1.212898349458241487e+00 9.692008705844410432e-01
-3.497073909955359383e-01 9.060529802626551277e-01 -1.098638170457629126e+00 1.133861478847684623e+00
-3.725094128160086893e-01 9.512891003821666303e-01 -1.170272834695820441e+00 1.257390593193157935e+00
-3.529134063122041365e-01 9.802615301506962808e-01 -1.108710164623770256e+00 1.371780004077393755e+00
-3.147802878002099458e-01 -9.424120166766243312e-01 -9.889114396480203073e-01 -1.229770341901139430e+00
-3.330429933939433873e-01 -9.699364215057528771e-01 -1.046285421375966473e+00 -1.324969418607422567e+00
-3.121272686039466837e-01 -9.032712778138551890e-01 -9.805767340312069313e-01 -1.127333478438487191e+00
-2.914738224578183878e-01 -8.618847067580106547e-01 -9.156920193472178893e-01 -1.038974621811707966e+00
-3.285525146935306395e-01 -8.135703649499526069e-01 -1.032178166479648329e+00 -9.502662772947287895e-01
-2.957305941056764809e-01 -7.327745360044570777e-01 -9.290650618841381769e-01 -8.223904222548588105e-01
-3.193818881676102617e-01 -6.752300353552382894e-01 -1.003367793557001342e+00 -7.412765247120406409e-01
-2.928229731141134273e-01 -5.568440711796880382e-01 -9.199305011376202046e-01 -5.905814402297594468e-01
-3.312890632879650354e-01 -5.764645123937948146e-01 -1.040775287440115049e+00 -6.143952981245950351e-01
-3.286717197910935528e-01 -4.116416841468100163e-01 -1.032552660338422523e+00 -4.242547153888167055e-01
-3.053535877855753089e-01 -3.518979730943907480e-01 -9.592965881344494017e-01 -3.595979987145271894e-01
-2.806011011303304326e-01 -2.238879247428673391e-01 -8.815343579002526964e-01 -2.258018456544279573e-01
-3.167820956497151563e-01 -2.751123930122749695e-01 -9.952003044819243138e-01 -2.787066045359082866e-01
-2.804588590666181602e-01 -2.651502692592422328e-02 -8.810874912778627888e-01 -2.651813479275213353e-02
-3.108528704145239185e-01 -1.043354337575244095e-01 -9.765730940415683348e-01 -1.045256643275095099e-01
-3.142753808200668963e-01 1.160002129395738546e-01 -9.873252275884567553e-01 1.162619517101836225e-01
-3.148876303056662440e-01 1.926270371528371328e-02 -9.892486660745797300e-01 1.926389515756822199e-02
-2.871634900926920420e-01 9.428170502573007816e-02 -9.021507108544066789e-01 9.442194569839429397e-02
-2.891968045566724044e-01 3.287587129555600285e-01 -9.085385566368852084e-01 3.349889275899644581e-01
-3.177032794610190614e-01 2.710889427198661661e-01 -9.980942887761224958e-01 2.745241567740436262e-01
-3.138934139505045184e-01 3.876973218526600373e-01 -9.861252432771249188e-01 3.981322168645205495e-01
-3.076037277510983436e-01 4.864093089642389511e-01 -9.663656113196853470e-01 5.079754228040049835e-01
-2.925098948101696461e-01 5.540623981198147252e-01 -9.189469366379521276e-01 5.872362613085356786e-01
-3.255294533965475967e-01 5.831639827082459870e-01 -1.022680939317694770e+00 6.226181009284227352e-01
-3.129843532943743512e-01 6.744726543233752203e-01 -9.832693449981588785e-01 7.402501986035331383e-01
-2.969577843484416668e-01 7.578846822931153415e-01 -9.329203937353663934e-01 8.600645594087333867e-01
-3.029228913930295253e-01 8.270959841397005352e-01 -9.516603302045203439e-01 9.739211387873466519e-01
-3.321863048041444610e-01 8.662894824910796210e-01 -1.043594054795839998e+00 1.047725950433738396e+00
-2.416021079516468273e-01 -8.934380695353247859e-01 -7.590154074327017941e-01 -1.104941843462246442e+00
-2.493233459307346855e-01 -8.190247912451547041e-01 -7.832723919444227745e-01 -9.597092648201250853e-01
-2.359601185793809286e-01 -7.345941440838108516e-01 -7.412905750691596296e-01 -8.250683266906815305e-01
-2.676832853793487121e-01 -6.689110218429614729e-01 -8.409518428365420073e-01 -7.327428450178233854e-01
-2.314337863349160695e-01 -5.862967580714195659e-01 -7.270706829422421968e-01 -6.264798777314143363e-01
-2.602062522001800104e-01 -5.417289158909792679e-01 -8.174620503302184593e-01 -5.724926277676934960e-01
-2.747546648181367068e-01 -4.429387875098262928e-01 -8.631672365321843010e-01 -4.588739072879713943e-01
-2.396306530710261562e-01 -3.597249047822492773e-01 -7.528218992628601391e-01 -3.679730449514740376e-01
-2.423878269071089164e-01 -4.776448779454942617e-01 -7.614838163309677332e-01 -4.979720699370014936e-01
-2.514450967305015272e-01 -2.533508643288318041e-01 -7.899380686697184961e-01 -2.561425674489382076e-01
-2.455469589673284769e-01 -1.563895744808414534e-01 -7.714085224030735599e-01 -1.570341827172024030e-01
-2.728102551516096153e-01 -1.316364165845300693e-01 -8.570586934082538022e-01 -1.320195811362250005e-01
-2.529176530957764069e-01 -6.097576681692085110e-02 -7.945642409288629082e-01 -6.101361527492459025e-02
-2.429203604763192637e-01 2.997099232523936507e-02 -7.631568198797888947e-01 2.997548109907961777e-02
-2.562226997787910854e-01 1.621814183792622543e-01 -8.049473513079932196e-01 1.629009390203881580e-01
-2.762553011934878455e-01 2.241856999783113924e-01 -8.678816247446969889e-01 2.261073875578661629e-01
-2.550613456290078407e-01 3.117828146041397019e-01 -8.012988496428181673e-01 3.170688002395936067e-01
-2.254422939938400816e-01 3.084540240168518466e-01 -7.082478546194783675e-01 3.135673801737607347e-01
-2.389872242694632831e-01 4.756228867992764453e-01 -7.508005080667621289e-01 4.956720043860262104e-01
-2.733157946902047275e-01 4.710831155559023209e-01 -8.586468927088033443e-01 4.905182744899466707e-01
-2.497410364466219335e-01 6.253410906145588921e-01 -7.845846054006082593e-01 6.755685550905926595e-01
-2.287598929002987447e-01 5.559184542498891712e-01 -7.186703989715663710e-01 5.894674832871167336e-01
-2.652501369467901160e-01 6.881212297410317369e-01 -8.333078815957223329e-01 7.588965833246310577e-01
-2.223599593790335227e-01 7.184406551909485739e-01 -6.985644148376964901e-01 8.015579515796874555e-01
-2.335016742510029886e-01 8.427016496555166380e-01 -7.335671444278679676e-01 1.002281790194899935e+00
-2.583300956676848337e-01 7.968095185081585097e-01 -8.115679307507470686e-01 9.219964420270224670e-01
-2.710614726978111122e-01 8.896458092353061176e-01 -8.515647312986737161e-01 1.096568956088989300e+00
-2.450780303867947651e-01 9.288197274349014876e-01 -7.699353398194105358e-01 1.191214672882839443e+00
-2.467740338367041542e-01 9.583742521427462968e-01 -7.752634917981088281e-01 1.281252614158395975e+00
-1.897589417754292906e-01 -9.680681956255965392e-01 -5.961452974346619360e-01 -1.317406482943004775e+00
-1.959562800668122051e-01 -9.204327819504956043e-01 -6.156148098826812465e-01 -1.169186185963037472e+00
-2.059832151270184486e-01 -8.570246507013754567e-01 -6.471153554058470814e-01 -1.029467352663246515e+00
-1.933536158351203404e-01 -8.054047145928850959e-01 -6.074382990526371318e-01 -9.363579548053175827e-01
-2.053347553897288957e-01 -6.553308731539693177e-01 -6.450781590590294323e-01 -7.146205814810836499e-01
-1.828051884450547782e-01 -7.523084672667659234e-01 -5.742994370570818630e-01 -8.515590938129682375e-01
-2.113539211643451488e-01 -5.154654655768606819e-01 -6.639879260373030556e-01 -5.415507510768836630e-01
-1.760390686482702360e-01 -5.697310793595218303e-01 -5.530430448101950613e-01 -6.061785968191260032e-01
-1.899379460236039208e-01 -4.003557484257354027e-01 -5.967076558656887464e-01 -4.119050323147707693e-01
-1.835309124283552862e-01 -4.775390146593028184e-01 -5.765793661915525892e-01 -4.978515765583560460e-01
-1.998096373216871058e-01 -2.799485629098463768e-01 -6.277204887262531896e-01 -2.837405293247177718e-01
-1.695035173593975042e-01 -2.470711364955040512e-01 -5.325110048939131202e-01 -2.496565136710058863e-01
-2.167777781730297892e-01 -2.073847908263151130e-01 -6.810274753699081529e-01 -2.089008697974773787e-01
-1.901637546382137778e-01 -1.506838757821808983e-01 -5.974170545504643437e-01 -1.512600108276384026e-01
-2.200849639255526569e-01 -8.554372815818167552e-02 -6.914173058340908895e-01 -8.564840419792578430e-02
-2.105083879641496125e-01 8.920381542471034209e-02 -6.613316051472024615e-01 8.932254495833345798e-02
-1.829152608388526779e-01 1.027024995331695667e-01 -5.746452396808003904e-01 1.028839095530931502e-01
-1.752325457275794029e-01 1.013308858479411434e-02 -5.505092783276009927e-01 1.013326200285880226e-02
-1.950876268781418510e-01 3.052475761966875201e-01 -6.128858554066370923e-01 3.101984029174014168e-01
-2.219545993777798376e-01 1.977883087005321006e-01 -6.972909388356988147e-01 1.991011407022440227e-01
-1.738321921431891237e-01 4.838205037167615519e-01 -5.461099377944522715e-01 5.050149266770010970e-01
-2.153107945439880488e-01 3.940551532486704644e-01 -6.764188103779741335e-01 4.050395964442030650e-01
-1.715339925432008972e-01 3.851934642091632277e-01 -5.388899308146463119e-01 3.954174543621181148e-01
-2.144227333037145300e-01 6.427723282595347865e-01 -6.736288837095930626e-01 6.981117524784811179e-01
-1.710762847344484694e-01 5.717271123500133889e-01 -5.374519993251789529e-01 6.086094101313342941e-01
-1.802438566994573055e-01 7.174401206155227584e-01 -5.662527760617064310e-01 8.001206173750334827e-01
-2.032240959647670930e-01 7.859500083653525593e-01 -6.384473269153394526e-01 9.042311392669918346e-01
-1.746719697592513665e-01 8.290633417035844221e-01 -5.487481769837225798e-01 9.774304654443124463e-01
-1.894832498895386852e-01 9.781776957351713264e-01 -5.952791858312936890e-01 1.361501614837670182e+00
-1.578935827014427140e-01 -8.832473789753152449e-01 -4.960373194638248440e-01 -1.082743080940264502e+00
-1.248336403499930025e-01 -7.990734739167533185e-01 -3.921764474444083826e-01 -9.257525937105276492e-01
-1.563848600653430232e-01 -8.385565236396304023e-01 -4.912975275139494502e-01 -9.946283130895808844e-01
-1.472607250541888568e-01 -7.057400831593101387e-01 -4.626332119925460895e-01 -7.834672235754522873e-01
-1.258857786437093118e-01 -5.113053529416342613e-01 -3.954818373785080610e-01 -5.367030186968342331e-01
-1.421494830293721368e-01 -6.276225180080583499e-01 -4.465757715966624519e-01 -6.784955813678921199e-01
-1.565800111842112763e-01 -4.374047203099049597e-01 -4.919106128353257779e-01 -4.527106391357753057e-01
-1.312696520394072142e-01 -1.966004108521048899e-01 -4.123957744862901120e-01 -1.978894505258075032e-01
-1.536315626407840362e-01 -3.281278686783937193e-01 -4.826477885518072330e-01 -3.343210308516404439e-01
-1.151834987336910476e-01 -2.887275849198926991e-01 -3.618596334365330458e-01 -2.928975547589118822e-01
-1.467344752714778711e-01 -3.125327438869618391e-03 -4.609799495412280623e-01 -3.125332526753993052e-03
-1.491705079828000713e-01 -1.054809277934019018e-01 -4.686329720110222752e-01 -1.056775144389231896e-01
-1.190044433613348662e-01 -2.785912345310692650e-02 -3.738634850085122419e-01 -2.786272843276105596e-02
-1.393399186192978423e-01 1.086676167652178560e-01 -4.377492646861857462e-01 1.088826309577446833e-01
-1.235375918603189849e-01 2.587257176387400825e-01 -3.881047910305523430e-01 2.617027693494384799e-01
-1.608821890231915130e-01 2.393569820952137217e-01 -5.054263031287029584e-01 2.417035279362650113e-01
-1.395938876681521723e-01 3.574538311564443571e-01 -4.385471319843056714e-01 3.655401733706800105e-01
-1.256799203405121190e-01 4.910704270567547436e-01 -3.948351144455032879e-01 5.133181221533805738e-01
-1.200664168138594334e-01 5.821513285922546022e-01 -3.771997730052707998e-01 6.213720910466965508e-01
-1.501358586385161953e-01 6.314128876413440672e-01 -4.716657105391581783e-01 6.833738933453267217e-01
-1.176105065333477029e-01 7.295073318006271013e-01 -3.694843033101394836e-01 8.176013700799452666e-01
-1.555660415177020361e-01 7.682328026439948498e-01 -4.887251331800574472e-01 8.760760503668136856e-01
-1.233855981081535269e-01 8.522806707957784056e-01 -3.876272885753577757e-01 1.020329970335434489e+00
-1.660614636694486279e-01 8.854445352639017663e-01 -5.216974743083081512e-01 1.087449655436858897e+00
-1.185084771949549420e-01 9.319034489141764244e-01 -3.723053613437840026e-01 1.199625861951458594e+00
-6.233121011824760416e-02 -9.527409379215034946e-01 -1.958192717968484653e-01 -1.262134498484676071e+00
-1.061718759292356040e-01 -8.617827928537247217e-01 -3.335487854371335659e-01 -1.038773683841071493e+00
-6.981991909300933052e-02 -7.648771987240503556e-01 -2.193457448968318402e-01 -8.708506757671032883e-01
-7.259610289064233335e-02 -6.913432949071811606e-01 -2.280673835204906907e-01 -7.633465667763557061e-01
-1.094360716553264279e-01 -6.734269211456702653e-01 -3.438035587500997137e-01 -7.388347061549943584e-01
-8.915716263296613597e-02 -6.154806179311047565e-01 -2.800954871426368231e-01 -6.629956250014089614e-01
-6.183018697089193161e-02 -5.686211671950109903e-01 -1.942452611578374400e-01 -6.048286925717624163e-01
-1.110255514998583770e-01 -4.173097789156958726e-01 -3.487970569527102938e-01 -4.304829941372561031e-01
-8.215871400564456195e-02 -4.929831461915745727e-01 -2.581092123485178025e-01 -5.155151858992396141e-01
-9.545497944854375305e-02 -1.838595897529868850e-01 -2.998806621841097475e-01 -1.849115476150876847e-01
-7.266576622784692852e-02 -3.251372845635753794e-01 -2.282862373488772079e-01 -3.311568966986755957e-01
-7.177312378582434427e-02 -2.367214317992114569e-01 -2.254819184107365870e-01 -2.389899771506627801e-01
-6.142629772542251843e-02 -1.342551727358223257e-01 -1.929764056714068088e-01 -1.346617921786593397e-01
-6.624936966009786765e-02 -2.306377151290872618e-02 -2.081285330291179902e-01 -2.306581675022889230e-02
-9.214055945368282430e-02 1.478669431266643741e-02 -2.894681046773435185e-01 1.478723320842803557e-02
-8.839304662920710598e-02 1.612136506334229669e-01 -2.776949459187370572e-01 1.619202659334330607e-01
-7.195193364242524758e-02 7.967901457583970171e-02 -2.260436661426234450e-01 7.976356665483830266e-02
-8.733082103683575959e-02 3.378956117948452853e-01 -2.743578658012881810e-01 3.446801020017956629e-01
-9.372893507031054838e-02 2.463752785484949470e-01 -2.944581338456823127e-01 2.489384577182957026e-01
-6.581033592208407335e-02 4.600916550805753680e-01 -2.067492678630957759e-01 4.780984258858007041e-01
-1.040640642458927623e-01 4.338347445349417519e-01 -3.269268997375929797e-01 4.487445713407292591e-01
-9.600915906221341167e-02 5.217524874789634115e-01 -3.016216687871835500e-01 5.489039286921779670e-01
-1.093198369922165902e-01 6.485117125754285006e-01 -3.434383967863813281e-01 7.056276305905399004e-01
-6.263699154353208343e-02 7.149716920251254493e-01 -1.967799124761263896e-01 7.965836167453141936e-01
-1.087342079402573436e-01 7.973349297180973849e-01 -3.415985888590173936e-01 9.228664954223527728e-01
-6.217041351593888265e-02 8.178202115860080390e-01 -1.953141143723131634e-01 9.576129443463524682e-01
-6.629409946443298729e-02 8.771188774537082011e-01 -2.082690558538137227e-01 1.069830014519056016e+00
-5.376022607517083607e-02 -9.170171413597183463e-01 -1.688927312930831315e-01 -1.160536296622747043e+00
-3.955538389431234592e-02 -8.751291240839902397e-01 -1.242669034522956850e-01 -1.065702598393288181e+00
-5.063094642306875670e-02 -8.141046936038900395e-01 -1.590618093270112221e-01 -9.511858018066983167e-01
-2.577451916373507679e-02 -6.514573978119702069e-01 -8.097304005459945997e-02 -7.095038081500205651e-01
-2.738903802452119507e-02 -7.556488377299550585e-01 -8.604520064672728508e-02 -8.566441810049411076e-01
-4.713412871183431108e-03 -4.880790156865366658e-01 -1.480762324944544066e-02 -5.098874491862398495e-01
-5.006795158432608694e-02 -4.274669781673072766e-01 -1.572931088776082786e-01 -4.416889953671560565e-01
-4.098269513061758573e-02 -3.482321857589671943e-01 -1.287509339466584024e-01 -3.556845885225129456e-01
-3.759146629858078903e-02 -2.434938298798885459e-01 -1.180970743612897028e-01 -2.459664802055654964e-01
-1.994144354531046659e-02 -1.605891320130770072e-01 -6.264789254392295892e-02 -1.612875027051483834e-01
-1.598849202337149222e-02 -2.810751113996068362e-02 -5.022932908260288598e-02 -2.811121342939095630e-02
-4.533719221832388513e-02 3.520348232315506642e-02 -1.424309900074746671e-01 3.521075757338409246e-02
-2.962910762028370115e-03 2.697320861186827123e-01 -9.308258683230463335e-03 2.731147943987469739e-01
-1.827819085270410149e-02 1.863636222811511090e-01 -5.742263010376735810e-02 1.874596179065473600e-01
-3.846839500718179927e-02 2.970052147339772297e-01 -1.208520271499526205e-01 3.015548091042696277e-01
-5.212209870863437899e-02 2.057919163454715594e-01 -1.637464023927278078e-01 2.072728759515797270e-01
-4.728232221478112507e-02 3.875943658155858174e-01 -1.485417961146218713e-01 3.980205276688431049e-01
-1.663774035431164755e-02 4.962540898659804078e-01 -5.226900286943991086e-02 5.192787451510202379e-01
-1.391633469876740747e-02 4.153687074316572136e-01 -4.371945485454441227e-02 4.283480929801181669e-01
-5.545404965975975209e-02 6.128249027902958890e-01 -1.742140350229048062e-01 6.596304934122748653e-01
-1.873019405539633198e-02 6.166604773325921052e-01 -5.884264004474432791e-02 6.644934963034891950e-01
-2.081841155793417997e-02 6.996685433462992432e-01 -6.540296880981485983e-02 7.749334699714645058e-01
-2.571056088668699502e-03 7.560664725982613188e-01 -8.077210920128894550e-03 8.572820486579517674e-01
-1.686133197811523488e-03 8.605618549696736341e-01 -5.297143667218547590e-03 1.036371737766031531e+00
-4.661513163454289455e-02 9.170785196449184884e-01 -1.464457550892011295e-01 1.160690212849917025e+00
-3.813361104705315086e-02 9.564911016549151324e-01 -1.198002723202727521e-01 1.274728378585466393e+00
-3.106641073846549972e-02 9.824300224797295478e-01 -9.759800774936627787e-02 1.383064227043431238e+00
3.419740519628811093e-02 -9.024319506958298209e-01 1.074343169364921496e-01 -1.125381333853220145e+00
2.510371916878684218e-02 -8.064018288909267085e-01 7.886565971844200496e-02 -9.380421364531653650e-01
5.080092862412532995e-02 -7.554448059734097942e-01 1.595958241610915818e-01 -8.563327271398054608e-01
4.350645229200811315e-03 -7.105835182908464276e-01 1.366795509043275056e-02 -7.903271796979548514e-01
5.160177923782605092e-02 -6.355388436220883452e-01 1.621117705657166286e-01 -6.887062414102023133e-01
9.536856173047780771e-03 -5.794458803559534577e-01 2.996091729158937775e-02 -6.180486337548367626e-01
3.877103733535447461e-03 -3.757378503958608285e-01 1.218028060648052024e-02 -3.851928365714992752e-01
4.827273164265943883e-02 -3.636332000394135733e-01 1.516532590972904382e-01 -3.721651378726332782e-01
2.725595333814934129e-02 -4.953633492463009880e-01 8.562710277371617107e-02 -5.182530563833412929e-01
4.246346330885342191e-02 -2.735871276483781145e-01 1.334029043770736389e-01 -2.771204793086154972e-01
9.520637250177266253e-03 -2.634080118145456506e-01 2.990996404265022779e-02 -2.665532813884786689e-01
2.848835261419901954e-02 -8.570658762259153463e-02 8.949879928564322129e-02 -8.581186398128362591e-02
1.390151717178578217e-02 -1.704978190817700856e-01 4.367290422063457161e-02 -1.713348635036889278e-01
1.192082920602333118e-02 3.753698024697760260e-02 3.745038945834154587e-02 3.754580093086228032e-02
4.593928051178375327e-02 1.336235058389396713e-01 1.443225061670205811e-01 1.340243819059075969e-01
1.699812675611522828e-02 1.319286735752058792e-01 5.340119014179970508e-02 1.323144094289144534e-01
2.815063227637182308e-02 2.234596942162108135e-01 8.843781955335743017e-02 2.253624834691644874e-01
5.135880370801104711e-02 3.499319050829317046e-01 1.613484404262477412e-01 3.574984118769093389e-01
1.630288561278381287e-02 3.600937029041979542e-01 5.121702567343636159e-02 3.683683323549772903e-01
2.921706820281211314e-02 4.802310984513082914e-01 9.178812682538647905e-02 5.009181609546978775e-01
4.228302272504791404e-02 5.876019481187619853e-01 1.328360335645807910e-01 6.280919729428959819e-01
9.796932042367867410e-03 5.644791402405922032e-01 3.077796973202134162e-02 5.998021143190551685e-01
3.490006958551528093e-02 6.789007021044020096e-01 1.096418022196273823e-01 7.462643845985029722e-01
4.392871224199290658e-02 7.473289764653427980e-01 1.380061196611049312e-01 8.440330632853704218e-01
4.444487329062773995e-04 8.105641133823788813e-01 1.396276874195653264e-03 9.451147003721991346e-01
5.250100372595256637e-02 8.791894184647837118e-01 1.649367676115429393e-01 1.074158307113870503e+00
5.765591314927309696e-02 -9.728734857065419739e-01 1.811313931857675141e-01 -1.337343759641140606e+00
6.309671210571798916e-02 -8.431084995930895332e-01 1.982241672169937907e-01 -1.003037929439534182e+00
1.083924369552786704e-01 -6.501831125875736639e-01 3.405248836433982795e-01 -7.078254200383934380e-01
8.208549399072873065e-02 -7.113168971270080743e-01 2.578791848875625070e-01 -7.913700335189595148e-01
7.030927125766406327e-02 -5.365930314532862955e-01 2.208830900623294236e-01 -5.663944497693951252e-01
1.011787161142945202e-01 -5.045248064294620693e-01 3.178623112443149101e-01 -5.288315002116016350e-01
1.093195083527369604e-01 -4.197706039985158455e-01 3.434373643350064342e-01 -4.331925636011608183e-01
7.555131981195550850e-02 -4.018784387400342606e-01 2.373514712902524137e-01 -4.135673096734497345e-01
9.645204237246085555e-02 -1.940300760705007121e-01 3.030130277410544859e-01 -1.952686394466021935e-01
6.788590724940890553e-02 -1.866910881681125289e-01 2.132698674970210928e-01 -1.877929335624295981e-01
7.879453502319866409e-02 -3.183943660160462041e-01 2.475403323719045923e-01 -3.240352232611245498e-01
5.851737872551998620e-02 -5.141555385060270211e-02 1.838377671114252432e-01 -5.143823418474807729e-02
9.772648972231423592e-02 -1.278729825266289311e-02 3.070168221727408442e-01 -1.278764676414597713e-02
8.798869048288149308e-02 -1.072147822241558135e-01 2.764246236200066376e-01 -1.074212578892318193e-01
8.608638386568201462e-02 1.541974131839587425e-01 2.704483511265375340e-01 1.548150998611278195e-01
5.901649977871259445e-02 5.536055529279315657e-02 1.854058021453871274e-01 5.538887245334721265e-02
1.102313655529350012e-01 8.564240123047861530e-02 3.463020482162715852e-01 8.574744071647549815e-02
6.617795427998096613e-02 2.271885282245433846e-01 2.079041749955894136e-01 2.291897424359893853e-01
1.022444753988824839e-01 4.277722348792547535e-01 3.212104927832715173e-01 4.420266841222622589e-01
7.109972547328724524e-02 4.272329992793288955e-01 2.233663752191302754e-01 4.414301938607876341e-01
8.452679957402331468e-02 5.188153188579935904e-01 2.655487725732085247e-01 5.454645908520743269e-01
7.402808681666517288e-02 6.674564503349678102e-01 2.325660937025427200e-01 7.307877649997152059e-01
1.066841851634960925e-01 7.381059530631071119e-01 3.351582523638525490e-01 8.302587241434870036e-01
5.614145944282400436e-02 8.253628148013050225e-01 1.763735965473852141e-01 9.708445003748069624e-01
7.881108097596878359e-02 9.283565666030251240e-01 2.475923130155738283e-01 1.189966635813135554e+00
7.209139868452663080e-02 9.602717424306219662e-01 2.264818084943217291e-01 1.287974346479638044e+00
1.263722303828667126e-01 -9.470325951503000272e-01 3.970100705885709069e-01 -1.243866013100875856e+00
1.178217345911118930e-01 -9.065585570719045805e-01 3.701478958246435247e-01 -1.135057764297484395e+00
1.467200297661137576e-01 -8.427291740374320828e-01 4.609345676476987452e-01 -1.002332916611774705e+00
1.369745608498333933e-01 -7.745998849506581241e-01 4.303182740945246665e-01 -8.860822082910873032e-01
1.307591313901543817e-01 -7.076806543617752965e-01 4.107919265650915031e-01 -7.862100723121635548e-01
1.587082405787525463e-01 -6.267703503173835955e-01 4.985966426663704931e-01 -6.774014609889099647e-01
1.287299388160221270e-01 -5.447214390249102145e-01 4.044170300814786678e-01 -5.760569118097921271e-01
1.430162544314177442e-01 -3.880128810693965757e-01 4.492988142656706985e-01 -3.984745758197080212e-01
1.494774124915423386e-01 -4.707146240659987324e-01 4.695971409610406044e-01 -4.901005723342006237e-01
1.581497968778806662e-01 -1.749598100186684491e-01 4.968422400382678794e-01 -1.758649484155065390e-01
1.289777801742821861e-01 -2.261400671659274941e-01 4.051956466718441563e-01 -2.281132637477017722e-01
1.188697019965929691e-01 -3.390726259335776760e-01 3.734401825269044184e-01 -3.459309512456111291e-01
1.579744284308532976e-01 -2.638361504189350448e-01 4.962913038134152410e-01 -2.669971203381212854e-01
1.300840350760621433e-01 -6.343887227075417634e-02 4.086710489442738070e-01 -6.348150104084489265e-02
1.658544258136926963e-01 -4.087403936795430681e-02 5.210470457016502799e-01 -4.088542922137398949e-02
1.398489159464064713e-01 8.674950288814375909e-02 4.393483269497270305e-01 8.685867823279475042e-02
1.456903160085756266e-01 2.728762535580957493e-01 4.576996264717166363e-01 2.763814851813694018e-01
1.319561768343242569e-01 1.940853277567800017e-01 4.145525557385087434e-01 1.953249618145526667e-01
1.112385620777309736e-01 2.784428454857263979e-01 3.494662494192917745e-01 2.821724560516311597e-01
1.660077650841620400e-01 3.705944862344203727e-01 5.215287752272635968e-01 3.796490010236040491e-01
1.364294911942653954e-01 4.417302561621643253e-01 4.286058872688975341e-01 4.575263783597272038e-01
1.311668340677811795e-01 3.529201613360022360e-01 4.120727623019727615e-01 3.606902598854146436e-01
1.185317155827514402e-01 5.205987191906817912e-01 3.723783668921667456e-01 5.475520402432234590e-01
1.583266476468918604e-01 6.025393166763954866e-01 4.973978331149751519e-01 6.466790472194839934e-01
1.580775264417046966e-01 5.121842895718353716e-01 4.966151957669057704e-01 5.377260641498552429e-01
1.191435454718861031e-01 6.588739440042838957e-01 3.743004871771188347e-01 7.193208671795173759e-01
1.581922262519757094e-01 6.845939288118818578e-01 4.969755358482212948e-01 7.540464704837810395e-01
1.400988865815997464e-01 8.145499434008864892e-01 4.401336328608634330e-01 9.519529371270912810e-01
1.133441820983107640e-01 8.624130100863545145e-01 3.560812498071968535e-01 1.040017350101451132e+00
1.561495453352252927e-01 9.150278591552738483e-01 4.905582644865301156e-01 1.155576977752552859e+00
2.040415020258901091e-01 -9.660875892324214398e-01 6.410152837919632640e-01 -1.309622673686312133e+00
1.959061024309667332e-01 -8.721623886197986675e-01 6.154571721905346404e-01 -1.059605161067233681e+00
1.856116787075112740e-01 -8.087737988106262765e-01 5.831162862479863929e-01 -9.420641648015506409e-01
1.843562598395573904e-01 -7.478382770018816572e-01 5.791722715552445333e-01 -8.447998885973628802e-01
2.087404721494188209e-01 -6.742340578284762298e-01 6.557775338114789632e-01 -7.399270761006899733e-01
1.987466380695526169e-01 -5.965779226517557987e-01 6.243809780849760571e-01 -6.392303389180754580e-01
1.870570451942332735e-01 -5.136639933397193492e-01 5.876570389844171238e-01 -5.394497892760177216e-01
2.067986572935309741e-01 -3.566708645691492041e-01 6.496771425255901677e-01 -3.647019516374041537e-01
2.159680899995213288e-01 -4.728528877036930478e-01 6.784837649523154379e-01 -4.925256942110488034e-01
1.812472673211029672e-01 -4.318538801187206122e-01 5.694050834992024912e-01 -4.465471959802452817e-01
1.716830896321064337e-01 -3.529505284999503445e-01 5.393583331338235309e-01 -3.607227156521924383e-01
2.083999577126136593e-01 -2.175491057333893696e-01 6.547077761583706135e-01 -2.193027296536118886e-01
1.884702898530099535e-01 -2.798085430931205320e-01 5.920968780221550487e-01 -2.835946807290486982e-01
2.071040001497799210e-01 -6.209719295527271754e-03 6.506364053996079866e-01 -6.209759204650976312e-03
2.104932888913422229e-01 -1.254497664461395878e-01 6.612841700109947096e-01 -1.257811660971134837e-01
2.114106132429076634e-01 8.047041392808318427e-02 6.641660294548317189e-01 8.055751550571139952e-02
1.777450664111590584e-01 8.648955558721072023e-02 5.584025948491272429e-01 8.659775022412906365e-02
1.723116892846607850e-01 2.091849216083607743e-01 5.413331371843373985e-01 2.107413662544166122e-01
2.046098987973359318e-01 2.152213977680994539e-01 6.428009549134615641e-01 2.169185348491592391e-01
2.031243315039088504e-01 3.634450836726894618e-01 6.381339076180178038e-01 3.719632050441119553e-01
1.933556185172293773e-01 4.935370738278643810e-01 6.074445906640383308e-01 5.161519708182047417e-01
2.214795108277340940e-01 4.566658435071948574e-01 6.957984041370705031e-01 4.742438114451959508e-01
2.072194110750353868e-01 6.709927313362202828e-01 6.509989795145345592e-01 7.355468578747955677e-01
1.992095409258742844e-01 7.901965283555305586e-01 6.258352302977219228e-01 9.111296086745240830e-01
2.033706589766586248e-01 8.534867799793488530e-01 6.389077681967858524e-01 1.022640082415583240e+00
2.248774112829812211e-01 -9.871208126173052211e-01 7.064732232449042471e-01 -1.410129414813276583e+00
2.620367378057535390e-01 -8.745245138480082225e-01 8.232126904611901663e-01 -1.064454526576948057e+00
2.233961947501694745e-01 -9.180178105103800057e-01 7.018198442670471326e-01 -1.163052477275292151e+00
2.749884665078012880e-01 -7.868850274608554241e-01 8.639017462028314442e-01 -9.057448623180061054e-01
2.351739758516246948e-01 -8.170223846263395817e-01 7.388208348509675005e-01 -9.562279242085878206e-01
2.423513914345236664e-01 -7.363829392530203410e-01 7.613693509179638719e-01 -8.277084734268991273e-01
2.581152950907945609e-01 -6.265015844501826692e-01 8.108931148364018071e-01 -6.770565852096698256e-01
2.269999252081844610e-01 -5.523504589308030344e-01 7.131412973994647464e-01 -5.851812204372559556e-01
2.557496352173405096e-01 -4.935394763385259065e-01 8.034611751570663873e-01 -5.161547332008081801e-01
2.436263398291835802e-01 -3.947735207636462462e-01 7.653747194283335720e-01 -4.058213376242960080e-01
2.610081320751445055e-01 -2.594105754461608626e-01 8.199812302544684517e-01 -2.624118353649976809e-01
2.306761260326868346e-01 -2.914871395795171072e-01 7.246904229028421351e-01 -2.957811209823560383e-01
2.567336046137629335e-01 -1.419220683405673089e-01 8.065524061842243020e-01 -1.424028685057619759e-01
2.469560200940641437e-01 -3.944888497877752087e-02 7.758352184872852053e-01 -3.945912397203780314e-02
2.575263921332395789e-01 1.705645391523575860e-01 8.090430216312697320e-01 1.714025753991325618e-01
2.488349354519396872e-01 7.348116762145506797e-02 7.817380051723040735e-01 7.354745551916558322e-02
2.405511129095834200e-01 2.525791853098784401e-01 7.557136091295960645e-01 2.553449461095325113e-01
2.700675042602009857e-01 2.479876803489711179e-01 8.484420873571775212e-01 2.506024961809826257e-01
2.706510526501926250e-01 3.835052065228712337e-01 8.502753586921895090e-01 3.935887276736484974e-01
2.392706336608145801e-01 3.881774230741772413e-01 7.516908649285897193e-01 3.986531115809425208e-01
2.647143045324567012e-01 4.781329950835466747e-01 8.316245144192973004e-01 4.985277460394319515e-01
2.301715770823768992e-01 5.806701552142277123e-01 7.231053356271720522e-01 6.195515953040792168e-01
2.627235453120586595e-01 5.594631115877670702e-01 8.253703598774285721e-01 5.937379113989218471e-01
2.538665716578014653e-01 6.459469417953018766e-01 7.975453565121758404e-01 7.022630887343364048e-01
2.413153453407459459e-01 7.597813127605437256e-01 7.581145161209713601e-01 8.629766994516020473e-01
2.450237992088122319e-01 8.240690176247327248e-01 7.697649675490650933e-01 9.685568058837810135e-01
2.324912216850956170e-01 8.925671432936210792e-01 7.303927140700123832e-01 1.103006669378097104e+00
2.544061018564471865e-01 9.696712726375551483e-01 7.992403406206310956e-01 1.323882233449378276e+00
3.179721485893736155e-01 -9.465462640052400012e-01 9.989389660545382466e-01 -1.242354977314895637e+00
3.206428937949128422e-01 -9.118432801929994280e-01 1.007329359571870420e+00 -1.147751817930068530e+00
3.212607369101865284e-01 -8.157126184910667988e-01 1.009270370963885277e+00 -9.539600561972301218e-01
3.060706942144326703e-01 -6.733575797288136044e-01 9.615494444231896809e-01 -7.387409109595671763e-01
3.150776693203340972e-01 -7.494122960346907281e-01 9.898456912469557611e-01 -8.471740011274028204e-01
3.026814524286494112e-01 -5.756487615493008914e-01 9.509018273277334288e-01 -6.133973275262745162e-01
3.000029475369445642e-01 -3.742785621588389233e-01 9.424870560373491690e-01 -3.836186676062159351e-01
2.889930629436094911e-01 -4.764969880612621722e-01 9.078984834820562622e-01 -4.966659645534269862e-01
3.246643763339067679e-01 -4.518340002269551903e-01 1.019963219572913360e+00 -4.688200902174886608e-01
3.261384266480595873e-01 -2.618549486923118508e-01 1.024594085210877692e+00 -2.649437162320240069e-01
2.978433060486309625e-01 -2.292834626734010506e-01 9.357023422032754167e-01 -2.313414704094628183e-01
2.834298905183787465e-01 -1.140240939001591070e-01 8.904212618602980189e-01 -1.142726313703334440e-01
3.192242658402291156e-01 -1.284826991386649464e-01 1.002872608411258915e+00 -1.288388457084242711e-01
2.975526057316930650e-01 1.465685317521714381e-01 9.347890802231870744e-01 1.470984429568690521e-01
2.939917224693604503e-01 9.899643535492774760e-03 9.236022355259521088e-01 9.899805241656418203e-03
3.192540352014043847e-01 6.219020961254284607e-02 1.002966131617629264e+00 6.223036758294010762e-02
3.287223494128703738e-01 1.517837081502928509e-01 1.032711717986250610e+00 1.523726407004064032e-01
2.990097296487024270e-01 2.763344692166942451e-01 9.393667700162336986e-01 2.799779624780522336e-01
3.091959845428347009e-01 3.849021131484011704e-01 9.713678335592327295e-01 3.951017623861250994e-01
3.316708782952253465e-01 6.154010213158722653e-01 1.041974794661954418e+00 6.628946375336116636e-01
2.950137538190531483e-01 6.392687170081292614e-01 9.268130417058851878e-01 6.935469156114947298e-01
2.937815026971810628e-01 5.248599644740798986e-01 9.229418106340340211e-01 5.525505871248980183e-01
3.320831171712332885e-01 5.130562346744027558e-01 1.043269881286345013e+00 5.387415888464627267e-01
2.899081506511116402e-01 7.193486753521003418e-01 9.107733163013352895e-01 8.028642320855570169e-01
3.023443393731288786e-01 8.348113118124547150e-01 9.498427554290809205e-01 9.877899608257325603e-01
2.983647618936928758e-01 9.058723509140695906e-01 9.373405440552934342e-01 1.133434819746085287e+00
2.870323979059072883e-01 9.402384092709406005e-01 9.017388726034606394e-01 1.223329769515501653e+00
3.381482555934731682e-01 -9.748465273659117081e-01 1.062324075596658979e+00 -1.346031404052009384e+00
3.671913135519901950e-01 -8.779021936493687228e-01 1.153565533116918562e+00 -1.071463431551936019e+00
3.730883897861900778e-01 -8.296213783680801424e-01 1.172091744491939869e+00 -9.784292055924187492e-01
3.642642417879886629e-01 -7.044542284960895184e-01 1.144369865966601285e+00 -7.816538884480884741e-01
3.842570812180696738e-01 -7.625844001203478939e-01 1.207179223444544203e+00 -8.672988848682680052e-01
3.554072256435290011e-01 -6.121053800333220440e-01 1.116544729114440582e+00 -6.587202783408434570e-01
3.799489338262349580e-01 -5.347742370886039431e-01 1.193644779247774235e+00 -5.642405479085215170e-01
3.389833377404314341e-01 -5.344926747294287406e-01 1.064947563534687003e+00 -5.639073711566514602e-01
3.657542669699083149e-01 -4.424004502510554548e-01 1.149050918131783838e+00 -4.582735432803043962e-01
3.411049149595859475e-01 -3.447225855155389151e-01 1.071612694940406341e+00 -3.519432400004682271e-01
3.722208758056559930e-01 -3.345341206499208297e-01 1.169366368943807633e+00 -3.411108239636351791e-01
3.648293602485253029e-01 -2.307227220238772247e-01 1.146145237970631170e+00 -2.328203796199063702e-01
3.751264438273822499e-01 -1.277074804274600517e-01 1.178494480095368280e+00 -1.280571875915448576e-01
3.673252377343174668e-01 -3.972123856338338754e-02 1.153986268344256105e+00 -3.973169119451463310e-02
3.452105508562446357e-01 -1.680124459330081255e-01 1.084510930511663807e+00 -1.688131064085494348e-01
3.357148771549154365e-01 -2.832562592815635050e-02 1.054679391770682262e+00 -2.832941509864547042e-02
3.700650616816825167e-01 7.672783349222900284e-02 1.162593679129427349e+00 7.680331848446707299e-02
3.731126088923877315e-01 1.676780982780525786e-01 1.172167831058047005e+00 1.684739472197646359e-01
3.376348985379271639e-01 3.032573247969279073e-01 1.060711316842287255e+00 3.081091002062282258e-01
3.490957308677458126e-01 2.137207665960989544e-01 1.096716583493669850e+00 2.153821524095121676e-01
3.645163117764125271e-01 3.480154543996396566e-01 1.145161767190424174e+00 3.554533957202012373e-01
3.741816746360826507e-01 4.842104493183787550e-01 1.175526400144643491e+00 5.054605485299449308e-01
3.490302907945266320e-01 4.292311382003701770e-01 1.096510997440394153e+00 4.436413353854020136e-01
3.659183662996172703e-01 5.747713539607115507e-01 1.149566451380456655e+00 6.123247095103652171e-01
3.453074018018118529e-01 7.221792880405735193e-01 1.084815196730751108e+00 8.069477583923857500e-01
3.874080120407330519e-01 6.437077360571104023e-01 1.217078164568992982e+00 6.993334466691334406e-01
3.520132464819054618e-01 8.033884586832376051e-01 1.105882229113847259e+00 9.329641036218362382e-01
3.872688288186287853e-01 8.718592092791284109e-01 1.216640907580927244e+00 1.058985778698943392e+00
3.768372683086476105e-01 9.410993140004564328e-01 1.183869193717293156e+00 1.225866888507518127e+00
3.812396894698344418e-01 9.683526530282891009e-01 1.197699807695285834e+00 1.318543691676291596e+00
3.899523867069700778e-01 -9.297429293238674841e-01 1.225071553328423324e+00 -1.193714063391121849e+00
4.338034381958471020e-01 -8.895091830330754679e-01 1.362833694538067020e+00 -1.096269851643971949e+00
4.195621709127732579e-01 -7.282722743431853107e-01 1.318093433863753550e+00 -8.157973937334669357e-01
4.187345203016652473e-01 -6.096846539822808886e-01 1.315493292784157608e+00 -6.556626893924665245e-01
4.141557570924490062e-01 -5.245452934163155057e-01 1.301108683923556608e+00 -5.521809449433729977e-01
4.339791518593509867e-01 -4.575626538833899026e-01 1.363385715292466216e+00 -4.752521343515543339e-01
4.038503257996319817e-01 -4.225887140961941402e-01 1.268733216681968257e+00 -4.362997110278886703e-01
4.106423290879306354e-01 -3.426904699265067578e-01 1.290070924315645184e+00 -3.497792897579416471e-01
3.938362139514339777e-01 -2.731894112933157537e-01 1.237272956467442953e+00 -2.767070113788292485e-01
4.304500522057421730e-01 -6.482200194268972204e-02 1.352298721746902466e+00 -6.486748383598764378e-02
4.227587917687924968e-01 -1.624244081494532477e-01 1.328135914461335609e+00 -1.631471938891314866e-01
4.024501902826862487e-01 -5.514596532950721830e-02 1.264334561227901554e+00 -5.517395417441842836e-02
4.332504081751409331e-01 1.698780253430633991e-01 1.361096299487801975e+00 1.707058941126547158e-01
3.989644891200083698e-01 1.279143306380399192e-01 1.253383908062623231e+00 1.282657483018468658e-01
4.178169108030904688e-01 5.722854488553386076e-02 1.312610537524570908e+00 5.725982927615894807e-02
3.941989482157628455e-01 2.460276433023087517e-01 1.238412519767463804e+00 2.485797819547622689e-01
4.179544454190549096e-01 3.045942369698415586e-01 1.313042615263699142e+00 3.095123943527470223e-01
4.188922812700381915e-01 4.074440907043870297e-01 1.315988913483421285e+00 4.196535519415853788e-01
4.087629825324972099e-01 4.813048244820996580e-01 1.284166782983546140e+00 5.021426905555621545e-01
4.021713071728600930e-01 5.786325721770269048e-01 1.263458424098861332e+00 6.170510763169836377e-01
4.384991599835024179e-01 5.881412425328835791e-01 1.377585739609466620e+00 6.287586292294504720e-01
4.196273699796857493e-01 7.047709523595713232e-01 1.318298262773386798e+00 7.821002347744037131e-01
4.177400430022022437e-01 7.864395791534790625e-01 1.312369050206002807e+00 9.050233523587187801e-01
3.931268099481783906e-01 9.910565127278079256e-01 1.235044298062388135e+00 1.436954254549543952e+00
4.863804309584003338e-01 -9.201057425738112805e-01 1.528009188748748137e+00 -1.168350378369717557e+00
4.444834837203710531e-01 -7.974503979026283940e-01 1.396386047097916139e+00 -9.230578387295290677e-01
4.670913994750967024e-01 -8.439218237766996644e-01 1.467410909145939080e+00 -1.004552203715775027e+00
4.787702845552543884e-01 -7.000077209951760526e-01 1.504101208715882043e+00 -7.754083082238152347e-01
4.473644459640062632e-01 -6.620305488279143447e-01 1.405436856917789967e+00 -7.235248182445781495e-01
4.571873283199729965e-01 -5.909492655881303236e-01 1.436296351964371887e+00 -6.322350484970524764e-01
4.870147340650410328e-01 -5.008517559276715048e-01 1.530001910728719716e+00 -5.245825781845138147e-01
4.959025528356142409e-01 -3.848931817740202099e-01 1.557923816884789980e+00 -3.950920854970791929e-01
4.634629614976106815e-01 -4.163414024644471745e-01 1.456011835051862935e+00 -4.294176575853387856e-01
4.513721367349661229e-01 -3.313160395027139327e-01 1.418027388801697208e+00 -3.376980533034697474e-01
4.870822627457465082e-01 -2.885674150291623885e-01 1.530214058335930494e+00 -2.927302642196603077e-01
4.466124727836560115e-01 -2.413167122642698725e-01 1.403074463498705127e+00 -2.437224335336174719e-01
4.998788605820330133e-01 -9.906662051287540294e-02 1.570415756089351245e+00 -9.922938356081296984e-02
4.636022460817725843e-01 -1.604592618434745876e-01 1.456449410478224182e+00 -1.611559262393845726e-01
4.618089560962395090e-01 -6.270885976608053802e-02 1.450815623833917378e+00 -6.275003206358356622e-02
4.751085259246061732e-01 1.065825013939432075e-01 1.492597454702618620e+00 1.067853331504673986e-01
4.462159090034967246e-01 3.191225590713475668e-02 1.401828621640276884e+00 3.191767492233883730e-02
4.663380177875846577e-01 2.548880649313958191e-01 1.465044090771102203e+00 2.577319429340514945e-01
4.780804671486840185e-01 3.798140199364408165e-01 1.501934083419082189e+00 3.895952423105280560e-01
4.473963953244135539e-01 4.954480057522525627e-01 1.405537228793732440e+00 5.183505126224442483e-01
4.458724612212652261e-01 3.577844521719835136e-01 1.400749648610726705e+00 3.658942075458408438e-01
4.882747894678973744e-01 4.929000937790664061e-01 1.533960491525449221e+00 5.154197302012338833e-01
4.764726555262908114e-01 5.695405755301263806e-01 1.496882994237815456e+00 6.059468113499963948e-01
4.955598960282581178e-01 6.414780277542604381e-01 1.556847328776097328e+00 6.964233865541361590e-01
4.580481137485254983e-01 6.918431896178163232e-01 1.439000589143029529e+00 7.640386664755002277e-01
4.814956590521690671e-01 7.474652654401228169e-01 1.512663225213670026e+00 8.442382011225307847e-01
4.774554519776796901e-01 8.147650667245496248e-01 1.499970540349472747e+00 9.523238762829616677e-01
4.476802433567219630e-01 8.933156681623899420e-01 1.406428963686768396e+00 1.104669421537616714e+00
4.629448984561164160e-01 9.444023893233441935e-01 1.454384292006608126e+00 1.235772236837588078e+00
5.119201649848157398e-01 -8.715409887532783451e-01 1.608244629540771964e+00 -1.058336401587713693e+00
5.544532544414626507e-01 -9.127038743350217587e-01 1.741866270912251435e+00 -1.149852979418740428e+00
5.120927212916412952e-01 -7.745811908817143987e-01 1.608786731166625739e+00 -8.860526507237234117e-01
5.318804253165443363e-01 -6.918206686467396338e-01 1.670951636762670223e+00 -7.640074765250667310e-01
5.016740836833446515e-01 -6.453516626688651225e-01 1.576055615795986631e+00 -7.014835541319174306e-01
5.171252613234140760e-01 -5.700160069050783651e-01 1.624596921959339690e+00 -6.065253368861283079e-01
5.187048117218939769e-01 -4.746573301463403727e-01 1.629559225887178942e+00 -4.945746687768324823e-01
5.233129719868432339e-01 -3.512306503965281212e-01 1.644036188322107961e+00 -3.588851717863404400e-01
5.199716811176202658e-01 -2.155216440187528448e-01 1.633539213473850449e+00 -2.172259965556713746e-01
5.418146671832266836e-01 -2.781710534885721842e-01 1.702160978030023752e+00 -2.818894844648939246e-01
5.436122808506576032e-01 -1.134649607357836043e-01 1.707808347921617287e+00 -1.137098457372050092e-01
5.017537384849826143e-01 1.250324553746273715e-02 1.576305858735635557e+00 1.250357133483957078e-02
5.403864825624826729e-01 5.722771315087804567e-03 1.697674203717524311e+00 5.722802552447969239e-03
5.140283116766373173e-01 1.541042575241258206e-01 1.614867567700488227e+00 1.547208172722832065e-01
5.377000990606350950e-01 1.040684113024954449e-01 1.689234681043395137e+00 1.042571802880314230e-01
5.031621626865521169e-01 2.370429160492881770e-01 1.580730553860424381e+00 2.393208794149506990e-01
5.372013399502943987e-01 2.071101060199054267e-01 1.687667783086437945e+00 2.086200888292480404e-01
5.328518149283081318e-01 3.365252109065064445e-01 1.674003347230760941e+00 3.432244419251980205e-01
5.231935399694360722e-01 4.148141114423704590e-01 1.643660981573618063e+00 4.277384992545409936e-01
5.208428786138203925e-01 5.081072769716274973e-01 1.636276161127738549e+00 5.329858274668223261e-01
5.341642189344188996e-01 6.452388238071860016e-01 1.678126386014900273e+00 7.013358463861559811e-01
5.403826468792467530e-01 7.509062352624800152e-01 1.697662153563249010e+00 8.494332442578186315e-01
5.453095282017625944e-01 8.078402688512544838e-01 1.713140407731173376e+00 9.404785803138261402e-01
5.486069438053415848e-01 9.180662421642740156e-01 1.723499544367209646e+00 1.163174630416391686e+00
5.052691591674718374e-01 8.736430510543864436e-01 1.587349878526021385e+00 1.062639975121829616e+00
5.594232095488074208e-01 -9.525941148547121262e-01 1.757479845366156868e+00 -1.261651550156349444e+00
5.678685193604799952e-01 -8.045849404526816961e-01 1.784011568627797084e+00 -9.349761923331521007e-01
6.110208408121111656e-01 -8.498624991871348566e-01 1.919578584685586842e+00 -1.015724328764191275e+00
5.703415049811786375e-01 -6.898906838105618444e-01 1.791780682086217213e+00 -7.613380346390261622e-01
5.848071068175919596e-01 -5.780170443659868873e-01 1.837225710545248303e+00 -6.162965741541331921e-01
6.095259519104276880e-01 -5.039668916676258714e-01 1.914882252694125153e+00 -5.281854366052479710e-01
5.561522380753640693e-01 -6.263299983559915685e-01 1.747203785415085475e+00 -6.768364588534284687e-01
5.701747283064566574e-01 -5.037876869511257460e-01 1.791256737710120506e+00 -5.279779697696638241e-01
5.576161952905116515e-01 -3.932173423404263790e-01 1.751802942647362693e+00 -4.041282055164308606e-01
6.100254727144203137e-01 -3.759377161642465381e-01 1.916451543582263550e+00 -3.854085146795455108e-01
5.853009122643548778e-01 -4.280031092633254097e-01 1.838777046109101310e+00 -4.422821236347910245e-01
5.796377113829112027e-01 -3.214591614143931242e-01 1.820985575824154656e+00 -3.272700347849198943e-01
6.046474313245604471e-01 -2.381415428443744986e-01 1.899555928261178028e+00 -2.404518928671918188e-01
5.636802426820903822e-01 -1.907761410018906645e-01 1.770853709383766850e+00 -1.919527485282786217e-01
6.093968450178270935e-01 -6.497964021827673520e-04 1.914476651428803411e+00 -6.497964479106127988e-04
5.846954174368697021e-01 -1.022285217447698180e-01 1.836874828007287297e+00 -1.024074238048011259e-01
5.725106805367243812e-01 -9.242838313920032078e-03 1.798595348075866296e+00 -9.242969921684999340e-03
5.672124457909681894e-01 1.224873991050179356e-01 1.781950452721604350e+00 1.227957686769392542e-01
5.930473820420101294e-01 7.200346555238601454e-02 1.863113298653838346e+00 7.206582813881340366e-02
5.684619077870116666e-01 2.116553696163148146e-01 1.785875753349314365e+00 2.132683924784067875e-01
5.890295513695460450e-01 2.999866396309991412e-01 1.850490911329857546e+00 3.046786485740039518e-01
6.043391573948815321e-01 2.175121011685132721e-01 1.898587457148405599e+00 2.192648172186422717e-01
6.002360981190000278e-01 4.407785044667562602e-01 1.885697316270052770e+00 4.564657913380547605e-01
5.589679504131199739e-01 4.323804377221156514e-01 1.756049606610001534e+00 4.471310808901448053e-01
5.956325965058588690e-01 5.172359644491573150e-01 1.871234989421419748e+00 5.436181805866630024e-01
6.006146710387982868e-01 6.134626822579241079e-01 1.886886638173739028e+00 6.604378385632155846e-01
5.638414488483396436e-01 5.677917722345175999e-01 1.771360153491368994e+00 6.038207825792867300e-01
5.966673549137371246e-01 7.091287505216916642e-01 1.874485778833850258e+00 7.882617638686238992e-01
5.956531364967385667e-01 7.714335480004483880e-01 1.871299517705872217e+00 8.810909937749437093e-01
5.678739778210331046e-01 8.548448674980191342e-01 1.784028716887370747e+00 1.025251792332436462e+00
6.609363152994804924e-01 -9.529392963071554590e-01 2.076392672635555048e+00 -1.262788127162352669e+00
6.474092235877950685e-01 -9.150151465397209360e-01 2.033896060689688756e+00 -1.155545464475817186e+00
6.621885611368247826e-01 -8.389032515642460552e-01 2.080326718958644516e+00 -9.952650396517899178e-01
6.323101700468765074e-01 -6.884658924345459230e-01 1.986460985009380176e+00 -7.593716968828060354e-01
6.320333347294240234e-01 -7.598977754231044379e-01 1.985591281209817094e+00 -8.631558422821002940e-01
6.288990649294290414e-01 -6.013400012501939340e-01 1.975744682231784566e+00 -6.451771645766198882e-01
6.410829503317521105e-01 -5.205776158535362352e-01 2.014021487103902608e+00 -5.475273235162918528e-01
6.513009943716319139e-01 -4.215864315509048055e-01 2.046122419193646014e+00 -4.351941161541909020e-01
6.536887954259040789e-01 -2.975529561926217870e-01 2.053623917443981206e+00 -3.021284861510140640e-01
6.504387595614327111e-01 -1.779472691667265405e-01 2.043413628648254932e+00 -1.789000324149425947e-01
6.409314379003629991e-01 -3.926773596275845435e-02 2.013545496762523257e+00 -3.927783448569786839e-02
6.228595160161323196e-01 -1.519166762096342271e-01 1.956770879734775370e+00 -1.525071688123613434e-01
6.647189727142124305e-01 1.630121548895873129e-01 2.088276241380723874e+00 1.637428795981113183e-01
6.625768799989160129e-01 4.857512514099626699e-02 2.081546658643040448e+00 4.859424796679146646e-02
6.183986262071017315e-01 1.412294469648678330e-01 1.942756581082251355e+00 1.417031996473370747e-01
6.328121561772730441e-01 3.328176995393812287e-01 1.988038020948837747e+00 3.392900500643836192e-01
6.662615809113636711e-01 3.914173991113816253e-01 2.093122487960261680e+00 4.021713832442051495e-01
6.325929363573274955e-01 4.292632274499514899e-01 1.987349321572975613e+00 4.436768642931869788e-01
6.388303375661021910e-01 5.050919021588176072e-01 2.006944695387954170e+00 5.294884454076300706e-01
6.539340589460760356e-01 5.751441462855160225e-01 2.054394435517147066e+00 6.127803438698158356e-01
6.499919439187178405e-01 7.590504687379782123e-01 2.042009915907592621e+00 8.618533701403672254e-01
6.273617877049324498e-01 8.270352792413162568e-01 1.970915183396775072e+00 9.738131432006972288e-01
6.283483632784681028e-01 8.892684556248604544e-01 1.974014601970806027e+00 1.095743270361972721e+00
6.805224633356730113e-01 -9.995265345066628448e-01 2.137924371418179703e+00 -1.540022868762019659e+00
7.062937629534260520e-01 -9.738638015338114684e-01 2.218887296970774248e+00 -1.341663837453498820e+00
6.938467051415599940e-01 -8.847777234414881953e-01 2.179783711590208117e+00 -1.086016820136487704e+00
7.081580901385895466e-01 -8.183576338659059868e-01 2.224744253559571394e+00 -9.585474429257064832e-01
6.720737264870606520e-01 -7.822487209841566536e-01 2.111381881802465887e+00 -8.982673807119060383e-01
6.859115757779816747e-01 -7.054904494757419098e-01 2.154854767476305888e+00 -7.831149297637057805e-01
6.696726770382528393e-01 -5.644731831151701407e-01 2.103838762493185133e+00 -5.997948974919103948e-01
6.900466971181820064e-01 -6.373549110681397956e-01 2.167845634300381796e+00 -6.910607342998957847e-01
6.720135873018791006e-01 -3.630046870418643934e-01 2.111192948980106454e+00 -3.714905250737411402e-01
6.901414736371069836e-01 -4.764861652839660344e-01 2.168143383515969358e+00 -4.966536544586078739e-01
7.030743615798578094e-01 -3.519392874280908856e-01 2.208773249266615224e+00 -3.596421365171345585e-01
6.923917015422418331e-01 -2.372358454741378964e-01 2.175212682971643385e+00 -2.395194736130890067e-01
7.105283630517922333e-01 -8.690324207057043004e-02 2.232190685530691887e+00 -8.701300021862370948e-02
6.701158464648406810e-01 -3.839761458195645183e-02 2.105231020308049317e+00 -3.840705627296166907e-02
6.865137410909725180e-01 -1.437476993176001194e-01 2.156746525599844588e+00 -1.442474127345312329e-01
7.000493319366636324e-01 1.483568913271906542e-01 2.199269838362665208e+00 1.489065699304306933e-01
7.004916968519345755e-01 1.074267009613971702e-02 2.200659568730686022e+00 1.074287673310789400e-02
7.203715828578411973e-01 3.029612148133737914e-01 2.263114072561045020e+00 3.077983722765001984e-01
6.923869903120469793e-01 3.343657402825026548e-01 2.175197882205473832e+00 3.409321546597393060e-01
6.693919411140916154e-01 2.595913597184844601e-01 2.102956804576241456e+00 2.625990324776463214e-01
6.974582499641834854e-01 2.353355569190009877e-01 2.191129714273072349e+00 2.375638073216370660e-01
6.795215683304511867e-01 4.698846946101566946e-01 2.134779967022760072e+00 4.891601495249936482e-01
7.081451027080829519e-01 4.223314192925289312e-01 2.224703452343303134e+00 4.360158407212193499e-01
6.677956166390495163e-01 6.389846242607584159e-01 2.097941803332703969e+00 6.931775329529574758e-01
6.954849733709602688e-01 5.693742921921987055e-01 2.184930483024301484e+00 6.057445253077634595e-01
7.015723160724098850e-01 6.826785412757492288e-01 2.204054434135059193e+00 7.514220125859978339e-01
6.985488198306595287e-01 8.183014151560519256e-01 2.194555840553820136e+00 9.584496286137351717e-01
6.799824237015597017e-01 9.325292804936602398e-01 2.136227786871002010e+00 1.201355153817835753e+00
6.848338265042361872e-01 9.642513579926057510e-01 2.151468918275495135e+00 1.302603521740326897e+00
7.635937420012433030e-01 -9.361303197326362735e-01 2.398900490198245805e+00 -1.211459736148914779e+00
7.543344955787425477e-01 -7.886570570805544467e-01 2.369811709659539911e+00 -9.086216882953583873e-01
7.429041359173134129e-01 -8.599459749773361583e-01 2.333902175719305028e+00 -1.035163811544514978e+00
7.697880195525723668e-01 -7.306617647407029903e-01 2.418360387047797211e+00 -8.192907269468159281e-01
7.270127888796653615e-01 -6.933974772943154452e-01 2.283978036610184059e+00 -7.661935032351930852e-01
7.567509541508739002e-01 -5.119588251454747496e-01 2.377403238157451693e+00 -5.374635735279360560e-01
7.486757483066901475e-01 -6.398972540905010220e-01 2.352034230801138825e+00 -6.943645546119115997e-01
7.235645485369606167e-01 -5.692722764048894213e-01 2.273145070081730612e+00 -6.056204356802914468e-01
7.340005130498490349e-01 -3.786362180344231554e-01 2.305930619528544945e+00 -3.883223617654892879e-01
7.593289476373106250e-01 -4.272452602240603969e-01 2.385502243555443602e+00 -4.414437547726287603e-01
7.282887977283027947e-01 -4.736691493787950069e-01 2.287986736634978868e+00 -4.934522932732847700e-01
7.255390894519009315e-01 -2.966136880291829758e-01 2.279348273314319773e+00 -3.011448063282678445e-01
7.674818299873489291e-01 -3.378755837158637920e-01 2.411115278851906130e+00 -3.446588224101930220e-01
7.282516554887166205e-01 -1.873816095277047733e-01 2.287870050847957248e+00 -1.884958594758138206e-01
7.569071954592179186e-01 -1.468350824562925094e-01 2.377894084703932709e+00 -1.473679090799848712e-01
7.333693891295056666e-01 8.566650782965612443e-02 2.303947885256889094e+00 8.577163623651143376e-02
7.523930993684655455e-01 3.015603085523066440e-03 2.363712633587626399e+00 3.015607656121472701e-03
7.587752748556462201e-01 1.955022221950368788e-01 2.383762829212074053e+00 1.967695281852011591e-01
7.504232908695749327e-01 3.294765419870027134e-01 2.357524297678533109e+00 3.357491070547693468e-01
7.277104111243648532e-01 2.114415076138180805e-01 2.286169681529112818e+00 2.130495781635846353e-01
7.255769219557968164e-01 4.928311622907330936e-01 2.279467127630625978e+00 5.153405082065392051e-01
7.710150881724959770e-01 4.164682334861686819e-01 2.422215336809599773e+00 4.295571581434130537e-01
7.425435086006622054e-01 5.683624772811377568e-01 2.332769231590629655e+00 6.045142481781561328e-01
7.734148953741442067e-01 5.109345965271441248e-01 2.429754553484329893e+00 5.362716604943945642e-01
7.691353194075878363e-01 6.919216822993576876e-01 2.416309869067316818e+00 7.641473805688095977e-01
7.371781250272855246e-01 6.488618478346872553e-01 2.315913381972818375e+00 7.060876959510474782e-01
7.356505952922611780e-01 7.532127142144573462e-01 2.311114505779125583e+00 8.529327152849703886e-01
7.247956993537107984e-01 8.658926533240978163e-01 2.277012844443094153e+00 1.046932111291513756e+00
8.227251628886242951e-01 -9.678037294921613132e-01 2.584667327654368130e+00 -1.316353657444342184e+00
7.978866261056720699e-01 -8.719282519640063622e-01 2.506634762971125419e+00 -1.059126769860461614e+00
8.145351793972466226e-01 -7.865145101165329500e-01 2.558937735684834180e+00 -9.051446745679360140e-01
8.217151954104136014e-01 -7.109408077067904674e-01 2.581494421244456827e+00 -7.908351026046632759e-01
7.864591425019527016e-01 -6.709435944397996732e-01 2.470734264432662641e+00 -7.354805897511936807e-01
8.234864477388978976e-01 -6.182414103300009067e-01 2.587058974547276957e+00 -6.665033041903867250e-01
7.883498023733597204e-01 -5.939379629172003572e-01 2.476673947595112057e+00 -6.359449015334672772e-01
8.083448508514943232e-01 -4.961215422825853150e-01 2.539490245002191671e+00 -5.191260784134458239e-01
8.004766551858271129e-01 -4.006233350067449628e-01 2.514771579301924298e+00 -4.121970613381996662e-01
7.833375394492232413e-01 -2.618139493669808804e-01 2.460927459214784285e+00 -2.649012348503305692e-01
8.189801131217140373e-01 -2.668442693814527811e-01 2.572901906819314632e+00 -2.701170760824209705e-01
8.220772332987935638e-01 -1.762004860413475260e-01 2.582631796814912395e+00 -1.771252023974632661e-01
8.191647143018623289e-01 -8.938951146705309547e-02 2.573481848530712490e+00 -8.950898581853532210e-02
7.826551066024352021e-01 -1.045411513026892614e-01 2.458783533196746696e+00 -1.047325130524936337e-01
8.111238913871416933e-01 1.277453223753726164e-01 2.548220858333009708e+00 1.280953420457851544e-01
7.791245443422465389e-01 3.367019700309681340e-02 2.447691944737096836e+00 3.367656213449392311e-02
8.074686451803458898e-01 1.569170110446704847e-02 2.536737563702677889e+00 1.569234513574020370e-02
7.873794358913299707e-01 1.789732794682181716e-01 2.473625451383877571e+00 1.799427819022615671e-01
7.839411773773530268e-01 3.346806783300650956e-01 2.462823843695225001e+00 3.412663463225443228e-01
8.280797862317061941e-01 3.229096589729651967e-01 2.601489373011734330e+00 3.288022341097396328e-01
8.052744643004896563e-01 2.625256132023141564e-01 2.529844341169874333e+00 2.656386937152785954e-01
8.125025300727439781e-01 4.274588332925790546e-01 2.552551979499652290e+00 4.416799858777578081e-01
8.235093008384239965e-01 5.028934294180780196e-01 2.587130769676859732e+00 5.269430549376353801e-01
7.853920790688020404e-01 5.887138517629564305e-01 2.467381985790162435e+00 6.294668220393100366e-01
8.274125505456835228e-01 6.448077043440796352e-01 2.599393190282312638e+00 7.007716741891091283e-01
8.044907086902828297e-01 7.670618496940790898e-01 2.527382100302638879e+00 8.742489259646727406e-01
7.967352067070865296e-01 8.326423768946391579e-01 2.503017472247328179e+00 9.838619713248034637e-01
7.857039321101382257e-01 8.952325080190417506e-01 2.468361701013823684e+00 1.108952716782252823e+00
7.964739733473984451e-01 9.424979430610094244e-01 2.502196783443659811e+00 1.230027350239301986e+00
8.878157502752581642e-01 -9.417587120956327773e-01 2.789155438806061316e+00 -1.227822341347875712e+00
8.422875265776703646e-01 -9.016244443851362256e-01 2.646124305706726965e+00 -1.123510704291687423e+00
8.523935551790877696e-01 -8.566866297968427357e-01 2.677873330917908135e+00 -1.028811709644796846e+00
8.614057885760930677e-01 -8.060748986154748774e-01 2.706186097150376391e+00 -9.374895073545216340e-01
8.646516938783843642e-01 -6.864818586357592789e-01 2.716383409402303162e+00 -7.566396517331541727e-01
8.860192752887601220e-01 -5.138017027976156115e-01 2.783511646186121347e+00 -5.396102991247098135e-01
8.357316818987021723e-01 -5.458783244671068235e-01 2.625528512225204558e+00 -5.774370466363679677e-01
8.647999318037344896e-01 -5.982194686203379241e-01 2.716849112579566405e+00 -6.412772972367161151e-01
8.444933633868574319e-01 -4.512546877334007167e-01 2.653054146421486958e+00 -4.681708177387562952e-01
8.880508615714515219e-01 -3.439922321119577298e-01 2.789894062726958612e+00 -3.511653071317719643e-01
8.508883317063966611e-01 -3.481683901496070987e-01 2.673144531914090738e+00 -3.556165340769320005e-01
8.652843618790828639e-01 -2.181378721364555240e-01 2.718370994545458608e+00 -2.199059839943786621e-01
8.793399266963730643e-01 -1.147639888873068781e-01 2.762527853717512638e+00 -1.150174155444728674e-01
8.510014213852883369e-01 -1.416850636521287399e-01 2.673499813618493537e+00 -1.421634443922343005e-01
8.720585248236207843e-01 1.291667335907271674e-01 2.739652655086239452e+00 1.295286278673830338e-01
8.724862507649906451e-01 7.479128757819752948e-03 2.740996395761396531e+00 7.479198486703301195e-03
8.418342507092386739e-01 8.802633464123577056e-03 2.644700297568412406e+00 8.802747148752589762e-03
8.401449133915050993e-01 1.246747978054494332e-01 2.639393087861585219e+00 1.250000649268025177e-01
8.635076443918279221e-01 2.420069168793668180e-01 2.712789271939993974e+00 2.444337203261496838e-01
8.759634714469033412e-01 3.335489442166041929e-01 2.751920406710604006e+00 3.400656085786058491e-01
8.338226231826790791e-01 2.184318633152411149e-01 2.619531027387675071e+00 2.202072399331135300e-01
8.867691244625861557e-01 4.122299036412553352e-01 2.785867366841913384e+00 4.249002500687105721e-01
8.499965911298270616e-01 4.070697981465685178e-01 2.670343046269831877e+00 4.192437337247696405e-01
8.556095384013111538e-01 4.965046974932376678e-01 2.687976640182913268e+00 5.195674284651042862e-01
8.584960298122052968e-01 5.912275582186239387e-01 2.697044820394028264e+00 6.325800649818598131e-01
8.816635334141076363e-01 6.640544651488233807e-01 2.769827679511779550e+00 7.262284887424219626e-01
8.666293553854225173e-01 7.316241744771738720e-01 2.722596416264101205e+00 8.207014215380736832e-01
8.399444067526087299e-01 8.025931762713351958e-01 2.638763177677832417e+00 9.316297172627894252e-01
8.395056305909134320e-01 8.654295416105655114e-01 2.637384721711680147e+00 1.046007053971134360e+00
8.771234614396374862e-01 9.016307383462314196e-01 2.755564622750015236e+00 1.123525256358047342e+00
9.090966976822123513e-01 -9.918507160990976956e-01 2.856011506841179326e+00 -1.443043624367082556e+00
9.801009820043999898e-01 -9.675962334038237245e-01 3.079078044841164985e+00 -1.315530600958915386e+00
9.132723606053207988e-01 -9.065995962102606498e-01 2.869129738804284013e+00 -1.135155005147696183e+00
9.657734293253923408e-01 -7.936835196384024460e-01 3.034066710600873851e+00 -9.168404280357418390e-01
9.065121563430573737e-01 -8.272171495702673738e-01 2.847891930757191048e+00 -9.741367465597912112e-01
9.578738312937955524e-01 -8.622845629705815362e-01 3.009249391458496792e+00 -1.039763659816765662e+00
9.099734061582516187e-01 -6.588433868899055135e-01 2.858765767748844500e+00 -7.192802471275232534e-01
9.653529945768193343e-01 -6.915523418664095701e-01 3.032745875883442910e+00 -7.636359346064252041e-01
8.967221979517612240e-01 -7.574030438705539048e-01 2.817135869396145242e+00 -8.593266063736132443e-01
9.968516755550937969e-01 -7.377287348108407805e-01 3.131701900642558822e+00 -8.296997920784903169e-01
9.998686056921710641e-01 -6.524630480171160762e-01 3.141179866197594261e+00 -7.108300808039657026e-01
9.493746528794826389e-01 -6.100964523415699503e-01 2.982548434990542674e+00 -6.561823181953690964e-01
9.948007335553696873e-01 -5.835590621656492338e-01 3.125258676323286799e+00 -6.231045246300230822e-01
9.226132613187334464e-01 -5.610861579186527948e-01 2.898475043863453227e+00 -5.956973867232147057e-01
9.997528074434884893e-01 -3.892081790196095792e-01 3.140816075270234542e+00 -3.997718357895014285e-01
9.607638893495851207e-01 -4.620906749920090650e-01 3.018328776615013531e+00 -4.803512172730482477e-01
9.548079140712273372e-01 -3.558949673951199433e-01 2.999617528435562175e+00 -3.638715627575506151e-01
9.281833358205782147e-01 -4.240880562961260036e-01 2.915973948998396459e+00 -4.379546662358760334e-01
9.895583536518723911e-01 -2.788262927007052472e-01 3.108789254131132829e+00 -2.825717150448678883e-01
9.483493399832652049e-01 -2.717570171238832266e-01 2.979327319528155105e+00 -2.752182887974692904e-01
9.241982737248983781e-01 -2.218383516333248817e-01 2.903454507194509482e+00 -2.236993949324484199e-01
9.190310597719832941e-01 -3.102703935597879159e-01 2.887221225800504776e+00 -3.154774499273848565e-01
9.511703567332845388e-01 -1.466417930189394259e-01 2.988189805025669443e+00 -1.471725044514275160e-01
9.675693674643601749e-01 -5.613645596738381371e-02 3.039708816664556945e+00 -5.616598167464233876e-02
9.005806400962002023e-01 -2.223207063234067249e-02 2.829257522891416077e+00 -2.223390246207144344e-02
9.279878447431868516e-01 -6.818930195882089151e-02 2.915359795665821263e+00 -6.824225705613254367e-02
9.853856731078878273e-01 -1.243075358826819521e-01 3.095680391588373936e+00 -1.246299235671043254e-01
9.608855305321013507e-01 6.144197854290789351e-02 3.018710923660380629e+00 6.148070280407637311e-02
9.192793280897177954e-01 1.405768071693587196e-01 2.888001183723618581e+00 1.410439830914894388e-01
9.900116318169711604e-01 2.808444101121576608e-02 3.110213269484639831e+00 2.808813418965734610e-02
8.978130035208058413e-01 7.364242615545069093e-02 2.820562736158350514e+00 7.370915214435139196e-02
9.317407157371531135e-01 5.623070313854205970e-02 2.927149787610336062e+00 5.626037794897890965e-02
9.177614440381358651e-01 3.272254634969580245e-01 2.883232610338167579e+00 3.333658923555820053e-01
9.731167517809644618e-01 1.815260517794929918e-01 3.057136438480239971e+00 1.825380633995686286e-01
8.889245657148585611e-01 2.008717051790294139e-01 2.792638885245296798e+00 2.022476820805509112e-01
9.547569019159451997e-01 2.794110950007948624e-01 2.999457269023284134e+00 2.831807213313737304e-01
9.270544471202806225e-01 2.351243922303141165e-01 2.912427440550820812e+00 2.373465462298353368e-01
9.396711572177638416e-01 4.304673625646606716e-01 2.952064004305546607e+00 4.450105054015744965e-01
9.701647887642896873e-01 4.826375490740746343e-01 3.047862573153385934e+00 5.036637411261118968e-01
9.715678247915826571e-01 3.765136656278176286e-01 3.052270340829451367e+00 3.860301358778845948e-01
9.903412073089612466e-01 5.828841282230492471e-01 3.111248661429078854e+00 6.222736455110943199e-01
9.247248686917490801e-01 5.741637004795476784e-01 2.905108854073784830e+00 6.115823354177410964e-01
8.939077066153280349e-01 5.101671615239067314e-01 2.808293884090014458e+00 5.353791359294457486e-01
9.891990244683601663e-01 6.552398693062686519e-01 3.107660388207990287e+00 7.145001074449703893e-01
9.366194765620541318e-01 6.506921918884374101e-01 2.942476866776466693e+00 7.084956496009469085e-01
9.568278085295134350e-01 7.148560903251997001e-01 3.005963214026740715e+00 7.964182854625942998e-01
9.105765122395144129e-01 7.203544227151297275e-01 2.860660481383074938e+00 8.043131689746771951e-01
9.366459030544416198e-01 7.694178906499435922e-01 2.942559888050811256e+00 8.779293188937875581e-01
9.481832434154051636e-01 8.250140973303430325e-01 2.978805511770779457e+00 9.702271455501906283e-01
8.894644358023686692e-01 8.285487927129331354e-01 2.794334937146111475e+00 9.765108657140096904e-01
9.564925908185040182e-01 8.977970650024966748e-01 3.004910096528480068e+00 1.114741711374283017e+00
9.179868692306816236e-01 9.304044076001125596e-01 2.883940804467003627e+00 1.195514631100197622e+00
9.594632367299120723e-01 9.595692289666919450e-01 3.014242655900176260e+00 1.285467785263352036e+00
9.480963292377972973e-01 9.856464182507114202e-01 2.978532462828913818e+00 1.401161122067552611e+00
9.640802478966798983e-01 9.974153232563001126e-01 3.028747424263236177e+00 1.498882615481846203e+00
